"SCI" "RCI" "GER" "MSM*" "MIG"
"1" 0.35047619047619 -2853.94805180685 0.453146025215727 0.00963263040410123 39496.1955551513
"2" 0.327619047619048 -2923.51879068177 0.425209233280485 0.00915771141738999 41547.2165215061
"3" 0.346666666666667 -2962.12093549603 0.439541674304379 0.00931184494034664 40466.4526385265
"4" 0.35047619047619 -2797.87738178129 0.452070647214582 0.00971697004429517 39582.0264231229
"5" 0.342857142857143 -2822.95635840726 0.43207396191866 0.0092906345113108 41060.9933654811
"6" 0.346666666666667 -2819.54153669446 0.449513932201876 0.00974438722589304 39795.7757082474
"7" 0.367619047619048 -3327.85959444465 0.432563208098216 0.00921754828049514 41020.7439415972
"8" 0.354285714285714 -2900.09333984367 0.455431212901809 0.00969120801289302 39419.4448545856
"9" 0.365714285714286 -2712.86677577978 0.470782850723548 0.00986597575771085 38267.8785075315
"10" 0.329523809523809 -2768.07123964925 0.44364249225844 0.00937932739074707 40189.3811967403
"11" 0.356190476190476 -2970.93843297574 0.455425734417777 0.00963871745492108 39328.9112873999
"12" 0.339047619047619 -2822.75460569118 0.450655483461702 0.00948096046375791 39722.4496203132
"13" 0.358095238095238 -2864.64518293716 0.469463081535981 0.0101015784450442 38417.6616683095
"14" 0.352380952380952 -3192.54304803936 0.459417522549047 0.0097927312901967 39097.5789471195
"15" 0.365714285714286 -3064.38710718021 0.446988498263544 0.00942691641358884 39980.0333131808
"16" 0.348571428571429 -2966.00729494267 0.438138045531551 0.00930581448467729 40603.4070280614
"17" 0.331428571428571 -3031.33362607728 0.440977994450324 0.0095283788714899 40370.1203076427
"18" 0.375238095238095 -2614.14784250836 0.480134952506115 0.0101688395312982 37580.5572556429
"19" 0.346666666666667 -3054.1195779159 0.442380235521192 0.00945202645981483 40300.7744107615
"20" 0.352380952380952 -2843.55330918504 0.440459549962945 0.00940033726774798 40417.5535007758
"21" 0.344761904761905 -2956.59184053548 0.438483971058813 0.00936647849423134 40575.9551735958
"22" 0.340952380952381 -3115.75635704915 0.423006166823756 0.00904995609777327 41698.5075212081
"23" 0.346666666666667 -3001.36258683058 0.465706608034201 0.00986761036664948 38642.6734142332
"24" 0.361904761904762 -2701.61373099066 0.445807394879551 0.0095602579828912 40032.2738061798
"25" 0.363809523809524 -2777.44816435121 0.475289357629922 0.00996015683007819 37942.1744027119
"26" 0.365714285714286 -3002.19074572165 0.453103584393144 0.00971933713148946 39567.617534465
"27" 0.352380952380952 -2696.23197392617 0.449849143119756 0.00953952892884049 39733.4744876185
"28" 0.354285714285714 -2930.24602417631 0.449467180824169 0.00957848029437912 39727.9113307644
"29" 0.340952380952381 -2641.46338063966 0.467144971747841 0.00986584577277395 38506.6341443758
"30" 0.365714285714286 -2830.31672759386 0.458399108359233 0.00978889262189634 39167.8438311622
"31" 0.340952380952381 -3155.67587835009 0.435534733743625 0.00933907886032448 40813.5664502218
"32" 0.365714285714286 -2871.65396246015 0.477080696960806 0.00995264274731837 37868.9430143204
"33" 0.337142857142857 -2950.2814757731 0.435745584735038 0.0092420798775686 40783.6418101789
"34" 0.348571428571429 -2989.57608099886 0.434438765898564 0.00922373759488175 40813.9598663251
"35" 0.352380952380952 -3058.10158876295 0.443282504561509 0.00943251660359954 40286.3300789517
"36" 0.348571428571429 -3136.5485907931 0.428660856869542 0.00917785886579984 41275.3498984684
"37" 0.36952380952381 -2682.77412474275 0.465319151012388 0.00981611309432322 38658.5093440661
"38" 0.340952380952381 -2980.75187755742 0.424617588208436 0.00918377191434576 41567.9019080605
"39" 0.348571428571429 -2838.18885061168 0.447455114423912 0.00965075723058418 39912.9696161705
"40" 0.339047619047619 -3058.76203318827 0.446991916298821 0.0096257710898313 39978.329575239
"41" 0.352380952380952 -2922.16064700698 0.447580035627987 0.00945314634138145 39951.2555249449
"42" 0.358095238095238 -2823.03734212383 0.459092764223867 0.00972790758467999 39141.0734238286
"43" 0.35047619047619 -2765.7175582878 0.438265029307634 0.00934413912147207 40628.6797001107
"44" 0.337142857142857 -2940.14197169805 0.44379892655019 0.00936590467015119 40206.2938814069
"45" 0.373333333333333 -2757.97667607583 0.473406507803635 0.0100182258941301 38091.6032937574
"46" 0.36 -3010.95913628328 0.442048821593794 0.00945903333150927 40308.1890488169
"47" 0.36952380952381 -3118.4018282306 0.455623364536411 0.00973725320267884 39383.4737507627
"48" 0.356190476190476 -2910.59546052138 0.456462708103935 0.00968885744574092 39276.0785539561
"49" 0.340952380952381 -3018.69125650402 0.450268387009447 0.00968524838162398 39759.0044895695
"50" 0.36 -2847.90735150784 0.449526304923803 0.00946030486278872 39806.7448025928
"51" 0.348571428571429 -2732.45689333986 0.462983217975976 0.00983303956805377 38788.8575293761
"52" 0.337142857142857 -2828.9353835264 0.447084406118012 0.0096842962125926 39955.4420544055
"53" 0.348571428571429 -2647.45118534191 0.461160711188895 0.00970508631159488 38959.2746778574
"54" 0.356190476190476 -2839.78175565597 0.442582926811873 0.00946065914175907 40318.6589011954
"55" 0.367619047619048 -2940.81667477863 0.457295388764202 0.00959275150659405 39307.69648778
"56" 0.354285714285714 -3214.3715305428 0.463990735498534 0.00977481282013857 38802.27370058
"57" 0.35047619047619 -2867.17173597041 0.459502405410341 0.00961762875829042 39112.108908694
"58" 0.340952380952381 -2828.85478212756 0.436678649881919 0.0092474451068601 40679.0330893593
"59" 0.337142857142857 -3009.39043906911 0.440130648747076 0.00940261420411456 40481.2830946662
"60" 0.382857142857143 -2656.45701614506 0.477542115278583 0.0101749512903167 37771.4796217041
"61" 0.36 -2801.48066472328 0.478537767745846 0.0102119322506394 37730.1035106644
"62" 0.344761904761905 -2970.81736701614 0.420862154392863 0.00901922658218529 41852.3404068836
"63" 0.339047619047619 -2925.39498079136 0.424931024298684 0.00924572433307965 41547.4718131045
"64" 0.356190476190476 -2901.27349583073 0.44002804972966 0.00929848717025048 40495.0441012067
"65" 0.352380952380952 -2740.24667969473 0.447841128629454 0.00949962764379367 39873.8738757109
"66" 0.358095238095238 -3080.67109556382 0.443628490860059 0.00948943429854557 40255.909836147
"67" 0.346666666666667 -3012.49842942957 0.450103071162068 0.00965275144889199 39746.1499503557
"68" 0.377142857142857 -2756.44572771447 0.479232888829009 0.0100353686549568 37704.9059449424
"69" 0.358095238095238 -2870.73027039476 0.452787778726464 0.00965632837098605 39569.2460597923
"70" 0.356190476190476 -2957.01770059716 0.454245335525326 0.00961369825625045 39444.6705008048
"71" 0.346666666666667 -2997.48113782373 0.444851935417823 0.00944580058992959 40178.4549571953
"72" 0.356190476190476 -3034.61683299583 0.446837088724231 0.00963180059054139 39993.289070327
"73" 0.363809523809524 -2632.42405006331 0.441600426810609 0.00943289820866881 40372.2183618655
"74" 0.377142857142857 -2582.13493540515 0.49040414269573 0.0102290796964334 36860.4314655478
"75" 0.356190476190476 -3017.80651387255 0.433865413965872 0.00929023314663275 40941.6678553557
"76" 0.354285714285714 -3059.22227207339 0.446271303416201 0.00949282540095211 40082.1943472936
"77" 0.354285714285714 -2857.17056020355 0.455930185093348 0.00957387572065362 39332.8190399155
"78" 0.361904761904762 -2506.53528359333 0.473088095374917 0.0100049495034286 38077.5585500112
"79" 0.35047619047619 -2797.35002667147 0.455759553733428 0.00972524514378497 39306.7577293497
"80" 0.337142857142857 -2968.80127116645 0.424013467094922 0.00919137848369598 41645.6321929644
"81" 0.344761904761905 -3200.80455389994 0.435958608447561 0.00925979154719904 40785.9174507877
"82" 0.352380952380952 -2690.30680473733 0.465822667424042 0.00987202722440012 38622.2051527477
"83" 0.346666666666667 -2824.5399377221 0.432415815660001 0.00931710603482191 40978.1238081459
"84" 0.354285714285714 -2690.30090807267 0.463858180848348 0.00978115857871144 38796.9178687946
"85" 0.358095238095238 -2867.61316746723 0.469353441803936 0.00983835482743096 38378.0305439854
"86" 0.354285714285714 -2959.98646472343 0.435209794214749 0.00933108267944342 40781.5344430604
"87" 0.352380952380952 -3105.71524799563 0.448821767786591 0.00947470312185446 39900.5293959872
"88" 0.35047619047619 -3000.21881115193 0.432554360798601 0.00932459466774851 41034.4014186705
"89" 0.373333333333333 -2895.27806300591 0.456394391537999 0.00975722487561506 39314.2347371413
"90" 0.36952380952381 -2688.57916868808 0.455563182296223 0.00968120604913853 39349.9769739695
"91" 0.346666666666667 -3219.49148729038 0.432223567936463 0.00931552504336447 41076.9335286912
"92" 0.346666666666667 -3001.27483539275 0.420975847507801 0.00911196614387907 41853.235123543
"93" 0.36952380952381 -2893.75654265354 0.435820172604851 0.00934774590911519 40744.6549475781
"94" 0.365714285714286 -3069.17950029456 0.431120957677549 0.00915745630377255 41155.2033809487
"95" 0.346666666666667 -2493.89182370301 0.43553590960825 0.00945979999060338 40742.411747647
"96" 0.352380952380952 -2969.4328819441 0.431914157902107 0.00920294891271414 41053.0186475821
"97" 0.363809523809524 -3015.47426495629 0.477413361174029 0.0100192802987138 37808.32614525
"98" 0.365714285714286 -2896.58084103021 0.450411301734153 0.00954736462388806 39672.0367444996
"99" 0.361904761904762 -3046.46571020587 0.456060184586378 0.00965751875837417 39355.462567244
"100" 0.365714285714286 -2825.81719072645 0.45710991447103 0.00961060099316619 39252.2978030363
"101" 0.329523809523809 -2925.35889831024 0.408048512569076 0.00882701653610734 42723.912734682
"102" 0.36 -3197.75135544713 0.459365189357915 0.00963473889601064 39141.8496320928
"103" 0.365714285714286 -2961.58625702268 0.452084399439152 0.00964685073891036 39642.304995038
"104" 0.344761904761905 -2823.75547844204 0.435075637712285 0.00930356527682277 40812.4426492003
"105" 0.327619047619048 -3077.48029507233 0.436072173211512 0.00943847762630431 40848.7025920501
"106" 0.35047619047619 -2893.07480074359 0.458766109426874 0.00993696962689565 39123.1299006879
"107" 0.36 -2981.87057840293 0.436213975723156 0.00927123694729278 40748.9056657915
"108" 0.363809523809524 -2971.49391739489 0.440053095267389 0.00935483438823296 40459.8885709293
"109" 0.367619047619048 -2533.75787439402 0.481625127327088 0.0101644487770179 37445.5524766596
"110" 0.348571428571429 -3010.28229649109 0.420647346753919 0.0090361680448946 41795.2698779856
"111" 0.36 -3150.6918379745 0.442188594191684 0.00937638405781775 40335.8783778139
"112" 0.35047619047619 -2990.77663032461 0.443238039697417 0.00940254382060321 40287.8739708516
"113" 0.327619047619048 -3197.18008685951 0.431249090286249 0.00919994061251486 41167.6567364716
"114" 0.354285714285714 -2733.12838353729 0.434174661835092 0.00921298668235669 40842.2231982485
"115" 0.340952380952381 -2942.20774356559 0.447124903983158 0.0095219241785673 39973.4497374309
"116" 0.361904761904762 -2679.50135582606 0.461638996292902 0.00973815953393637 38916.3636439331
"117" 0.352380952380952 -2880.13238646245 0.430065531374688 0.00923476337281258 41187.8462569703
"118" 0.365714285714286 -3057.03536651584 0.431846650126916 0.00925485582868664 41045.7779612599
"119" 0.342857142857143 -2931.2021141105 0.441790686814171 0.00944793741669414 40342.6999430829
"120" 0.346666666666667 -2928.03598890705 0.453401526952942 0.00965989956930591 39527.5958740956
"121" 0.342857142857143 -2831.82457440003 0.45036094669961 0.00955256694879778 39738.6796445319
"122" 0.356190476190476 -2853.98101060727 0.44727035136786 0.00950795317861853 39910.6302655042
"123" 0.339047619047619 -3049.62633276714 0.428351384298983 0.00912713601926206 41291.0247630175
"124" 0.335238095238095 -3167.3611968068 0.452171078897991 0.00952064115853018 39631.1187345309
"125" 0.325714285714286 -2879.5516267994 0.443303493112915 0.00946173214067319 40293.310422549
"126" 0.337142857142857 -2841.84662892763 0.432633498492473 0.009294063741418 41034.3728912712
"127" 0.365714285714286 -2766.56584938025 0.465618099912475 0.00988818516831296 38648.3195249807
"128" 0.348571428571429 -2916.01757747294 0.459557103588461 0.00975081225882165 39083.8185555986
"129" 0.35047619047619 -2929.89294667368 0.451436182031579 0.00969192341594123 39734.6636298236
"130" 0.354285714285714 -2782.33799999435 0.460201303659325 0.00985930410901726 39025.7536307891
"131" 0.342857142857143 -2692.86482914692 0.453694992435698 0.00957908437123618 39499.4539800402
"132" 0.340952380952381 -2906.14293670467 0.429403064919543 0.00912714971719631 41227.9202475764
"133" 0.363809523809524 -2835.10222234749 0.436998480770381 0.00927042300413959 40713.0332793557
"134" 0.365714285714286 -2831.82760865135 0.451523320300653 0.00965177137707455 39658.2549896191
"135" 0.329523809523809 -3055.53909602034 0.429598646425984 0.00911688525235071 41256.0419400834
"136" 0.346666666666667 -2894.98944205869 0.438677485303112 0.00931255856254506 40549.4852920984
"137" 0.348571428571429 -3031.20139283685 0.420029800923721 0.00900758761550369 41893.3538157187
"138" 0.373333333333333 -2882.53468772414 0.454537893984513 0.00960337685147065 39443.3637385676
"139" 0.352380952380952 -2785.48307400995 0.456532279633649 0.00968179821405592 39258.2992753302
"140" 0.36 -3000.76001986095 0.43566716127649 0.00923780019082924 40784.8652753265
"141" 0.346666666666667 -2864.37860675454 0.452045220766121 0.00965230488962629 39607.5390054611
"142" 0.352380952380952 -3066.96851304107 0.436817931343447 0.00943289910292311 40749.9382283392
"143" 0.344761904761905 -2677.02387325367 0.45723280462322 0.00972945127984343 39215.845004432
"144" 0.352380952380952 -3126.57319252054 0.440115250934061 0.00947353859959745 40477.5572513828
"145" 0.354285714285714 -2829.03164298304 0.443421951505886 0.00946840741962797 40223.8493752522
"146" 0.367619047619048 -2914.52203573395 0.459244109037954 0.00968019365691288 39136.6043818122
"147" 0.348571428571429 -2712.47562737524 0.444095039051825 0.00959037077358705 40169.954462207
"148" 0.361904761904762 -2921.36800569582 0.462717469192769 0.00977067729584304 38870.7695762377
"149" 0.361904761904762 -2976.40900498511 0.441149876603191 0.00932468826941345 40376.3583827367
"150" 0.348571428571429 -2896.5525505695 0.442677378036253 0.00936540525689755 40229.7377787242
"151" 0.35047619047619 -2859.62468662624 0.453981380172274 0.00954327533814864 39492.2242668322
"152" 0.346666666666667 -2838.18674641492 0.457350287237226 0.00977026104060393 39245.1502904056
"153" 0.356190476190476 -2877.93243383301 0.447700187807625 0.00949359910808641 39921.9674480684
"154" 0.371428571428571 -3005.33813154604 0.437256839010913 0.00942473319629782 40667.1293461404
"155" 0.35047619047619 -2685.88476770682 0.464125236759891 0.00982967461951142 38747.9029767006
"156" 0.344761904761905 -2896.69752829946 0.455394443400991 0.00963433248058242 39380.6680894035
"157" 0.375238095238095 -2889.5552106934 0.45053559514615 0.00963282267448064 39729.1421690385
"158" 0.331428571428571 -2987.1921580321 0.43263470882705 0.00947345207995428 41029.216657828
"159" 0.352380952380952 -2932.51877985223 0.473504337581938 0.00994600815106965 38126.2571428092
"160" 0.354285714285714 -3006.17580306392 0.432756299229956 0.00931619782455875 40997.3774917118
"161" 0.373333333333333 -2668.72380352553 0.470809509899786 0.0101380891404621 38268.7727245891
"162" 0.352380952380952 -3030.2323833508 0.456828681037758 0.00973787355589502 39254.5648198366
"163" 0.346666666666667 -2804.06042197639 0.466175969688842 0.00983877988147059 38590.3645857257
"164" 0.361904761904762 -2965.91619565542 0.440721910776442 0.00933447140161327 40420.8194105144
"165" 0.342857142857143 -3072.88251876954 0.438118900643356 0.00935635414826348 40639.4057811833
"166" 0.373333333333333 -2798.23673968662 0.463540478469198 0.00985004754891927 38772.2352963705
"167" 0.344761904761905 -2934.95235154639 0.443949007082487 0.00945407532701727 40204.0967382571
"168" 0.380952380952381 -2961.98919666667 0.466604794202207 0.0100007507184433 38581.7286697866
"169" 0.340952380952381 -3321.66827373413 0.423465627193131 0.00918916707031187 41676.029454147
"170" 0.358095238095238 -3007.38820668028 0.442465838021831 0.00936767895306887 40289.3083191381
"171" 0.342857142857143 -2964.16726022 0.447516758667883 0.00946786802452798 39949.3373164214
"172" 0.356190476190476 -3031.78572955262 0.447216009796468 0.00946126771879608 39946.4564532237
"173" 0.35047619047619 -3019.71621072386 0.428672601355852 0.00916501062794383 41331.3787661944
"174" 0.367619047619048 -2821.75492263874 0.43578109592273 0.00926323820248441 40753.0611438924
"175" 0.363809523809524 -2825.84163821075 0.435778008891539 0.0093843815298294 40717.696666131
"176" 0.382857142857143 -2845.67952620105 0.478095150042753 0.0101470603925887 37754.5797883164
"177" 0.344761904761905 -2775.48933590946 0.44143774760563 0.00932766338034977 40332.2407459759
"178" 0.363809523809524 -2721.78754776993 0.478113672265709 0.0101488946084294 37724.5085815813
"179" 0.356190476190476 -2840.07936288479 0.427123662025 0.00911668003729488 41356.0710210402
"180" 0.342857142857143 -3035.11575655631 0.436849481494343 0.00934517459453444 40740.5155713313
"181" 0.36 -2770.20403915956 0.442372396457776 0.00944787875524201 40356.4596707043
"182" 0.358095238095238 -2678.80207527478 0.459239349067643 0.00995228163307563 39114.6784094418
"183" 0.340952380952381 -2953.78222189733 0.446399437695112 0.00947697942148409 40037.2664621793
"184" 0.354285714285714 -2802.23248737156 0.447053077619006 0.00967277712618665 39963.8298346021
"185" 0.358095238095238 -2805.22229064017 0.440353563549583 0.00943991242031726 40459.3051454526
"186" 0.35047619047619 -3132.78582233888 0.435011160303716 0.00923524395879853 40835.8928291538
"187" 0.352380952380952 -2723.28140938347 0.458469398105023 0.0097988853873263 39161.7204354767
"188" 0.36952380952381 -2855.91442199807 0.450456692912107 0.00953471192856568 39667.3261574712
"189" 0.333333333333333 -3002.64393403707 0.458726979528362 0.00986734058020547 39151.4296928539
"190" 0.348571428571429 -2814.37548524791 0.463640984423612 0.00987720280284846 38811.0589102832
"191" 0.35047619047619 -2842.1201201778 0.441080258639465 0.00933423191383689 40425.5830730041
"192" 0.342857142857143 -2932.73333217734 0.450503224848042 0.00956927013238394 39748.7345917565
"193" 0.36952380952381 -3147.67711421758 0.448180633180908 0.00960079402926887 39917.5029559276
"194" 0.337142857142857 -2989.28708939311 0.422823628544579 0.00912422273545842 41730.7994495029
"195" 0.346666666666667 -3188.98258342237 0.45229512637536 0.00964724360917833 39690.2319396135
"196" 0.363809523809524 -2897.55778159207 0.45721855073454 0.00962001367416155 39264.5152578599
"197" 0.352380952380952 -2790.10769161108 0.467040146855295 0.00993966026860725 38489.6813058475
"198" 0.356190476190476 -2911.42244954317 0.453601143211053 0.00967855974903898 39508.3798805587
"199" 0.361904761904762 -3219.66129436054 0.431338759528015 0.00917485113001973 41125.9054617786
"200" 0.361904761904762 -2801.10148122569 0.448207113891853 0.00954941329719397 39932.260662183
"201" 0.339047619047619 -2658.00709274131 0.45924839006303 0.00988323866910354 39092.853890178
"202" 0.340952380952381 -3030.87596295832 0.4559363118723 0.00970377153647873 39400.4872745327
"203" 0.337142857142857 -2762.67746439409 0.460156812353455 0.00987332279088565 39041.3394008604
"204" 0.340952380952381 -2795.04494732664 0.444251728868806 0.00939695179869978 40185.3450558325
"205" 0.358095238095238 -3170.42421015653 0.448053265385691 0.00950382156449089 39962.4950984341
"206" 0.352380952380952 -2918.1739581534 0.442703175449465 0.00945005757410576 40300.1762271129
"207" 0.352380952380952 -2853.07857220066 0.451598895726006 0.00951156854681949 39602.7897997797
"208" 0.354285714285714 -2970.60933081742 0.438327157728193 0.0093776200408739 40630.9241531862
"209" 0.348571428571429 -2987.39049382715 0.450617994209968 0.0096188201919675 39717.191345306
"210" 0.342857142857143 -2978.73160603301 0.444437383288794 0.00953800443149513 40113.9768854091
"211" 0.340952380952381 -3061.46626184655 0.429704284035543 0.00922619936583899 41247.2308482789
"212" 0.348571428571429 -3163.55471018088 0.443022834926474 0.00946527232953916 40281.4200965366
"213" 0.339047619047619 -2991.71667026166 0.449357825346742 0.00954178603433321 39806.2434028447
"214" 0.358095238095238 -2956.52268528239 0.449589933435174 0.00958341677625161 39803.1448381116
"215" 0.329523809523809 -2857.34575647905 0.450945295608769 0.00952418688967933 39685.5221118922
"216" 0.363809523809524 -2892.21258974818 0.449128986663404 0.00961113235455812 39828.2414463102
"217" 0.354285714285714 -2794.13295548182 0.456375938152023 0.00979654080375922 39313.0801216682
"218" 0.348571428571429 -2669.83273973934 0.436513706677213 0.00929961344893079 40683.5508849106
"219" 0.356190476190476 -2798.78046648988 0.462230310132384 0.00975512681014722 38953.5921628812
"220" 0.35047619047619 -2916.55714952482 0.428759106136856 0.00917175894047751 41212.25207797
"221" 0.333333333333333 -2949.48197072239 0.436969252241057 0.00927188199628711 40693.8029872762
"222" 0.361904761904762 -2820.892962114 0.460854570876459 0.00971057855850589 39022.7080994072
"223" 0.335238095238095 -3139.93588337669 0.444176862819101 0.00941397457871771 40172.9273972461
"224" 0.365714285714286 -2836.70963986219 0.450005067628832 0.00966967675002552 39753.70805667
"225" 0.35047619047619 -3084.21919425665 0.423715130910784 0.00912605338884436 41612.9043820634
"226" 0.346666666666667 -3123.5880196754 0.421176209406812 0.00914380610272239 41817.0606055554
"227" 0.36 -2804.66581026123 0.450016544577333 0.00961162143947301 39737.1426676332
"228" 0.342857142857143 -2825.68874196227 0.449011284766648 0.00955736804940375 39819.1787115219
"229" 0.331428571428571 -2770.76528442257 0.435381127888676 0.00933968889173888 40781.5419131454
"230" 0.380952380952381 -2900.85731849854 0.459901039330871 0.00971437997101951 39042.2398582305
"231" 0.373333333333333 -2809.96332654107 0.468243281695831 0.00983984377211021 38427.4006880582
"232" 0.352380952380952 -2713.31429754446 0.446054194680802 0.00954814058565093 40016.8969909158
"233" 0.352380952380952 -2958.19447276617 0.459749127271224 0.00982085455243768 39114.8211545774
"234" 0.352380952380952 -2996.31618157305 0.444450654472563 0.00937498209698433 40169.632813191
"235" 0.354285714285714 -3058.27543686996 0.449063066005944 0.00961847357135471 39829.4694250575
"236" 0.352380952380952 -3233.42197373544 0.43115676446537 0.00926499496737073 41106.651242127
"237" 0.352380952380952 -2842.54723999214 0.446449979905461 0.00944447282569717 39999.0090078591
"238" 0.356190476190476 -3060.22958191766 0.441640116885863 0.00936156954016929 40398.3977519704
"239" 0.348571428571429 -3077.85729162718 0.42310592897932 0.00913349440024455 41666.4381043318
"240" 0.348571428571429 -2727.05319635127 0.444781318598326 0.00952121288593624 40078.166498089
"241" 0.363809523809524 -2941.4187708767 0.442478307259193 0.00951867485613484 40305.0672011592
"242" 0.340952380952381 -2724.75757451751 0.456968365887807 0.00959539377466841 39197.5409215658
"243" 0.344761904761905 -2887.55204979738 0.430773566160601 0.00918647370228203 41121.571848225
"244" 0.346666666666667 -2814.83367645973 0.445135522770473 0.00959074452325135 40116.3345175839
"245" 0.354285714285714 -2986.27955784701 0.443050951071277 0.00937059839782239 40239.3315410378
"246" 0.344761904761905 -2886.50692157028 0.45008574419486 0.00960789209731131 39802.9045231239
"247" 0.348571428571429 -3179.93427544498 0.466143838289178 0.00990552045626677 38647.8172117272
"248" 0.354285714285714 -3077.31757195808 0.459557809424563 0.00965317100015041 39053.1943988173
"249" 0.337142857142857 -2993.63561694468 0.450534770482762 0.00957966700385752 39736.7865827831
"250" 0.348571428571429 -3110.56374673208 0.427261047823464 0.00913648521477921 41372.1122638415
"251" 0.356190476190476 -3000.73707971913 0.428248119232507 0.00911178144140716 41286.5224996484
"252" 0.339047619047619 -2790.56961301896 0.443102521926181 0.0095841626946591 40252.5654359325
"253" 0.333333333333333 -2867.95970781095 0.454772382020809 0.00981749117583674 39355.1654142153
"254" 0.35047619047619 -2933.56301113859 0.439469209573315 0.00946261606066166 40557.1233844274
"255" 0.35047619047619 -2622.53471644671 0.454263428313423 0.0098382945908585 39430.4038672836
"256" 0.35047619047619 -3123.07138362522 0.444760666277517 0.00948821061398176 40156.72823686
"257" 0.361904761904762 -2926.14030717493 0.436909675577786 0.00927467860316597 40672.5057730955
"258" 0.358095238095238 -2791.30900521973 0.462485639511924 0.00976151494020558 38839.7431781176
"259" 0.344761904761905 -2946.28956292115 0.438645475217777 0.00945730420257132 40590.3857926144
"260" 0.346666666666667 -3051.26336083967 0.428210383569265 0.00917576402935001 41404.2596930942
"261" 0.363809523809524 -2860.48616291114 0.475451274219188 0.0101177273329034 37986.106290071
"262" 0.344761904761905 -3286.1245507773 0.424802656533057 0.00906702583976856 41573.0842933702
"263" 0.337142857142857 -3063.90398331318 0.43256047842596 0.00920236518653954 41052.8339508245
"264" 0.352380952380952 -2870.35131681289 0.451158662725869 0.00956296013129849 39686.858008309
"265" 0.344761904761905 -2994.49571194857 0.464386910902046 0.00991245061086491 38728.1919730773
"266" 0.354285714285714 -2597.86204011321 0.469039767106021 0.00991885881575018 38398.8335488664
"267" 0.356190476190476 -3050.26908441952 0.441021216803902 0.00941463403739788 40488.058937754
"268" 0.35047619047619 -2770.36587585376 0.465885125098218 0.0098540205219034 38597.095081088
"269" 0.342857142857143 -2806.39858506281 0.452188291005718 0.00962350507611055 39618.0530340573
"270" 0.346666666666667 -2718.33594035528 0.438778845250448 0.0095177733862485 40523.6436143907
"271" 0.36952380952381 -2903.86034519805 0.4351735686461 0.00925911404625884 40817.2189488905
"272" 0.367619047619048 -2575.96065804293 0.463211978894462 0.00980502670911207 38803.2615085515
"273" 0.354285714285714 -2899.71332506436 0.447642590467373 0.00958430193436856 39939.6394210827
"274" 0.354285714285714 -3072.07187056186 0.439373216715263 0.00931207135140604 40615.8418966857
"275" 0.363809523809524 -2881.44465436399 0.434517376767464 0.0093666230931421 40867.2313635975
"276" 0.340952380952381 -2787.0554661676 0.443382617455539 0.00953169002039976 40198.7560615232
"277" 0.339047619047619 -2891.70975967513 0.453442924801082 0.00976551168777411 39523.856346215
"278" 0.354285714285714 -2737.152186694 0.463068392523709 0.00982798253264722 38794.4450681528
"279" 0.377142857142857 -2923.71593756137 0.471104261756449 0.0099814203423351 38247.4994079767
"280" 0.340952380952381 -2719.37334586035 0.46809904143431 0.0100212019621614 38481.2745537463
"281" 0.335238095238095 -3136.20741493708 0.44121890401927 0.00945443759941303 40372.0722425881
"282" 0.35047619047619 -2795.7890326055 0.453979358843941 0.0096944233674147 39530.1248347183
"283" 0.379047619047619 -3011.57714417282 0.4593349666311 0.00980253022933287 39099.4570999815
"284" 0.346666666666667 -2857.99126911608 0.447710244620426 0.00956801318672079 39897.5123614621
"285" 0.344761904761905 -2950.51676871678 0.458088126536835 0.0096034740109292 39180.4054477171
"286" 0.35047619047619 -2766.99917258815 0.464363527340603 0.00971566324095248 38751.4448375304
"287" 0.36952380952381 -3001.61607404947 0.446954788936985 0.0096363289837578 39983.4848455445
"288" 0.340952380952381 -3121.45908519903 0.439411400190678 0.0093303412755302 40590.08637923
"289" 0.379047619047619 -2816.48121644951 0.465733817685485 0.00984994623188786 38637.9676863318
"290" 0.358095238095238 -2882.82870572604 0.447833069286665 0.00942350886882529 39922.3701787802
"291" 0.35047619047619 -3064.72482847561 0.448796780050221 0.00957780917480966 39843.7601775212
"292" 0.36 -2846.58859317033 0.464481756586074 0.00993169417675755 38753.1989306605
"293" 0.342857142857143 -2838.62602488218 0.453332028379578 0.00967505284397351 39488.4091490886
"294" 0.371428571428571 -2802.7718325218 0.461104061792864 0.00970278650368067 38967.4469047733
"295" 0.339047619047619 -3039.51255194835 0.429823235834412 0.00916894893547489 41205.0427527258
"296" 0.36 -2829.1931419695 0.439857787096782 0.00933862691265548 40464.9727057818
"297" 0.344761904761905 -2823.27497203841 0.444908930621954 0.00959216480898037 40139.5910275576
"298" 0.331428571428571 -2857.2796052394 0.43717566364441 0.00931585071492164 40700.4164054003
"299" 0.361904761904762 -2887.77783521869 0.454564658470742 0.00962797257922147 39420.2741426853
"300" 0.337142857142857 -3066.28642603993 0.429078399135494 0.00914217499193149 41274.6046776241
"301" 0.358095238095238 -2979.65711613391 0.432930751906414 0.00924509102943754 40991.8471544381
"302" 0.340952380952381 -3132.02185056324 0.418484857526296 0.00896550430382247 42006.1768914331
"303" 0.342857142857143 -2923.2643387845 0.448282662212897 0.00955362604627019 39857.8983577632
"304" 0.361904761904762 -3022.74512328487 0.430766499848805 0.00916395228181002 41115.4886133729
"305" 0.340952380952381 -2854.90148808788 0.451791822367878 0.00966249537171943 39621.5014405856
"306" 0.35047619047619 -2807.38910460913 0.440055835805545 0.00930498434122499 40467.0913820291
"307" 0.329523809523809 -2915.7855193109 0.434557685616536 0.00932432606723977 40884.1680651932
"308" 0.339047619047619 -2993.62871186048 0.434023564963012 0.00927314644138015 40881.3724143312
"309" 0.352380952380952 -2787.89393433025 0.446056941353899 0.00952372516877825 39986.4300242474
"310" 0.363809523809524 -2902.66112217008 0.456066019331857 0.00962400149258538 39370.562555894
"311" 0.346666666666667 -2984.73829815412 0.447351751101589 0.00947575243281174 39972.5853259806
"312" 0.346666666666667 -3100.28281745158 0.440787925915382 0.00943362781382246 40480.1493441113
"313" 0.354285714285714 -3065.05446809327 0.433890964028118 0.00928165461329228 40911.1992262401
"314" 0.340952380952381 -3120.60911405385 0.433079609322139 0.00930115704528794 41045.4156599365
"315" 0.35047619047619 -3050.7942134905 0.456424613300706 0.00958731893974956 39330.2375428348
"316" 0.363809523809524 -2620.51922162376 0.46317491589503 0.00982860055147217 38841.9626552393
"317" 0.346666666666667 -2821.14458053301 0.452149402306875 0.00969064500531719 39578.3245948878
"318" 0.337142857142857 -2908.60698754533 0.458643708608854 0.00973770592143081 39117.8284583096
"319" 0.35047619047619 -2904.3131751409 0.461990336645751 0.00984633472357828 38884.0010885117
"320" 0.329523809523809 -2800.67199201861 0.442395370105298 0.00933019812164943 40318.7268318837
"321" 0.340952380952381 -2881.65015967172 0.44248913220981 0.00937599481885822 40269.0213722197
"322" 0.35047619047619 -2975.23787647226 0.470661255736593 0.00997678046493523 38283.0121816722
"323" 0.333333333333333 -2898.99027807906 0.461609427860384 0.00977498854718055 38963.0426856764
"324" 0.318095238095238 -2850.03866467637 0.440555749561925 0.00951905069142223 40442.5443821028
"325" 0.352380952380952 -2933.92416143001 0.444846857468945 0.00938557414172224 40104.0805793546
"326" 0.36 -2895.22088245093 0.445018011469045 0.00951393970708279 40089.3342885271
"327" 0.331428571428571 -2980.63806742925 0.459690091032637 0.00986069853116287 39111.2569178472
"328" 0.346666666666667 -3095.6793328219 0.445195136729964 0.00945143511710939 40124.6302563085
"329" 0.371428571428571 -2735.9465424158 0.471141660620163 0.00992291107611626 38256.8332362805
"330" 0.342857142857143 -3155.24572218128 0.446158386227725 0.00950103718062323 40024.0051165706
"331" 0.327619047619048 -2877.07111798829 0.415096512285148 0.00914150764376682 42210.0888088606
"332" 0.365714285714286 -2700.50215101207 0.437466785555941 0.0094374585533058 40661.2056933078
"333" 0.352380952380952 -2925.16708096936 0.448440822389629 0.00953983905060587 39855.9193799921
"334" 0.346666666666667 -2802.38128902457 0.455662431757237 0.00975297575887873 39329.977528377
"335" 0.352380952380952 -3011.97289499923 0.450267694551628 0.00961792182206559 39764.6434434263
"336" 0.358095238095238 -2857.48374402833 0.458481372060508 0.00978257961514498 39148.5279615902
"337" 0.361904761904762 -2835.44658309559 0.46441725195161 0.00983008538250309 38747.475285632
"338" 0.379047619047619 -2743.42474926005 0.462541018245473 0.00968220185528789 38908.1198639696
"339" 0.356190476190476 -2912.33917526142 0.450206479953863 0.00952271621076473 39717.3700995144
"340" 0.339047619047619 -3153.75734857475 0.448819101093796 0.00944792787162138 39870.8373164735
"341" 0.36952380952381 -3012.20041940902 0.467826352938714 0.00988780281009312 38499.7142486155
"342" 0.373333333333333 -2703.03508291148 0.46217221091882 0.00969008702381815 38889.7826694546
"343" 0.344761904761905 -2932.43025112668 0.451692016506193 0.00949163144372396 39648.4286927666
"344" 0.337142857142857 -2789.50259312996 0.452452652526028 0.00953057115404799 39619.9382414097
"345" 0.35047619047619 -2978.49057142434 0.438932645162775 0.00948275148818442 40585.1258972851
"346" 0.36 -2958.68800451624 0.455568272298258 0.00975528750755681 39420.1256482168
"347" 0.36952380952381 -3009.91376775331 0.44658655637491 0.00940187692555456 40015.0308037414
"348" 0.335238095238095 -2980.64865365888 0.448059576010324 0.00958025603255748 39902.5795771028
"349" 0.354285714285714 -2999.35573164166 0.437002647229269 0.00944770515922258 40698.0288382942
"350" 0.340952380952381 -2998.44961860678 0.445215201011819 0.00945420501859871 40109.1863443176
"351" 0.356190476190476 -3206.99566084463 0.444025979192197 0.00937896124393182 40243.4547931075
"352" 0.371428571428571 -2829.44502258085 0.450705596487288 0.00962912464028844 39721.7249934787
"353" 0.346666666666667 -2926.90194264523 0.439350637391144 0.00934281965519432 40504.9841583856
"354" 0.373333333333333 -2673.86577022107 0.467088292449493 0.0097874679016729 38496.7207246077
"355" 0.356190476190476 -3080.69561271145 0.431411191020657 0.00917532237780094 41100.803948732
"356" 0.35047619047619 -2903.08506407919 0.449027635792317 0.00947773373302993 39819.253593342
"357" 0.346666666666667 -2903.06208558904 0.433539245246793 0.00921285707811459 40936.5616875238
"358" 0.367619047619048 -2882.13926220669 0.446385076068406 0.00956258493350753 40033.2196072193
"359" 0.361904761904762 -2786.30211891787 0.457812167614253 0.00969986681705307 39176.8259254867
"360" 0.356190476190476 -3252.85403273562 0.45335294600972 0.00958178734760434 39556.312937929
"361" 0.344761904761905 -2589.78512715548 0.441309442416407 0.00938166086289108 40341.117256981
"362" 0.352380952380952 -2938.41974753326 0.446106929508535 0.00951017259825893 40091.0667003673
"363" 0.342857142857143 -2756.8983917204 0.451254731099914 0.00967993375684656 39680.3341030201
"364" 0.35047619047619 -2761.11350087505 0.451969244733027 0.00962316131250694 39572.3153656119
"365" 0.339047619047619 -2926.58428365755 0.441070443857298 0.00940241319886941 40427.0933628382
"366" 0.352380952380952 -2770.35466733379 0.466951257184394 0.00994652550453112 38540.2174201833
"367" 0.335238095238095 -2789.00671575101 0.457367162191378 0.00962822304620155 39195.0603798229
"368" 0.354285714285714 -2776.60246079832 0.471499816866108 0.00990367948414986 38275.1180533295
"369" 0.337142857142857 -2862.64096034042 0.421827350339363 0.009004436191785 41798.7098924104
"370" 0.361904761904762 -3004.11592630077 0.447352571103868 0.00943329690852125 39977.4668750285
"371" 0.354285714285714 -2933.16231043705 0.446500921229204 0.00948165418809166 40015.0435463807
"372" 0.335238095238095 -3046.57568806133 0.442483409925032 0.00946681057261093 40328.3806878454
"373" 0.358095238095238 -2814.6652163645 0.452929210594395 0.00965025127666377 39556.0414679118
"374" 0.35047619047619 -3030.94954687246 0.438566956500299 0.00945394720846797 40627.3362221229
"375" 0.36952380952381 -2866.43674160175 0.457067698097661 0.00972260687885416 39248.2886155163
"376" 0.344761904761905 -3022.66472909121 0.44259288672564 0.00934754026669336 40273.7708692269
"377" 0.367619047619048 -3068.57072173641 0.450463367474335 0.00953209168003391 39760.4022768964
"378" 0.371428571428571 -2697.15679051608 0.446418043905494 0.00950515979656867 40003.6246974426
"379" 0.329523809523809 -2945.80782647424 0.430994495883419 0.00921821676449689 41142.5543234807
"380" 0.321904761904762 -3212.92191138077 0.426826244740772 0.00925036460016483 41473.9693949774
"381" 0.346666666666667 -3251.83127118634 0.434882626882856 0.00934704429873488 40869.5058916941
"382" 0.339047619047619 -2902.63267190169 0.436038124147546 0.00941659686944206 40777.9522470779
"383" 0.344761904761905 -2717.38329747883 0.452107864579358 0.00955766470778181 39565.5515718823
"384" 0.340952380952381 -2921.10601763233 0.436595921534854 0.00931860112623508 40732.191330236
"385" 0.352380952380952 -3018.21037415466 0.438392154673578 0.00932287205240752 40596.2847024614
"386" 0.348571428571429 -2800.92552017993 0.46367693671324 0.00987485377283302 38748.8678924613
"387" 0.36952380952381 -2898.58582978878 0.474934346272292 0.00995055375034598 37970.3067811151
"388" 0.373333333333333 -2848.78961767343 0.453881416018174 0.00958089428513617 39516.2177192213
"389" 0.335238095238095 -3005.17795257248 0.442275334995491 0.00945008491109904 40332.5904146136
"390" 0.36 -2638.73809782318 0.46453831584727 0.00976200138442429 38763.5710819533
"391" 0.354285714285714 -2870.2238297526 0.461807018804518 0.00978617572285069 38909.8800899242
"392" 0.346666666666667 -3145.06041216217 0.449328858971902 0.00969345141117421 39856.6150346939
"393" 0.373333333333333 -2662.98441793748 0.457079094892219 0.00965104794464538 39255.3072643603
"394" 0.325714285714286 -3010.56749449683 0.420505449931947 0.00908498686822272 41859.5724375492
"395" 0.365714285714286 -2935.68949108551 0.458563315146556 0.00964607404276728 39123.7440736248
"396" 0.356190476190476 -2802.68763456638 0.436485925429855 0.00937682009389043 40727.0049977361
"397" 0.333333333333333 -3250.62446498279 0.430392186779261 0.00925964748904173 41263.1931625514
"398" 0.346666666666667 -2980.92244798281 0.44142745594391 0.00933133718559748 40370.6351058982
"399" 0.348571428571429 -2945.7384477138 0.45773237069357 0.00968803301512255 39229.0838628034
"400" 0.348571428571429 -2985.91386354415 0.446592835093633 0.00944061153735126 40013.798946014
"401" 0.335238095238095 -3010.76207346832 0.428973016004168 0.0092213241347 41279.6159675956
"402" 0.352380952380952 -2783.65686875293 0.469373267341576 0.00985877893594038 38354.0857913996
"403" 0.36 -3157.94548794433 0.427073351107943 0.00921785676325876 41383.0957116384
"404" 0.367619047619048 -2666.85093839076 0.471060591986779 0.00997714523091781 38243.8112488906
"405" 0.344761904761905 -3195.07340586153 0.444116467730641 0.00952613477873446 40248.6952330943
"406" 0.348571428571429 -2710.13636885734 0.450701967374131 0.00953100701780022 39679.5308555558
"407" 0.352380952380952 -3001.55081704986 0.446100336340311 0.00947185323705972 40041.7643262837
"408" 0.356190476190476 -2868.07710067121 0.459129264752066 0.00970303608261142 39084.4389520974
"409" 0.342857142857143 -2821.81721083009 0.445045402045455 0.00949693749761757 40083.154067873
"410" 0.348571428571429 -2684.73621258499 0.444021387599522 0.00943479583873717 40204.8224783287
"411" 0.356190476190476 -2686.50703461753 0.455571301853996 0.0096025987187965 39339.7856523129
"412" 0.365714285714286 -2812.02122489606 0.456462710214377 0.00960992681670675 39329.9077950316
"413" 0.344761904761905 -2778.8572730235 0.436210089086438 0.00935955842775807 40690.8775344612
"414" 0.340952380952381 -2596.00967175488 0.44918673403021 0.00949406546297028 39757.1199747356
"415" 0.344761904761905 -2925.1992245628 0.451823699383957 0.00954468481081994 39611.5992845154
"416" 0.342857142857143 -2769.14551144035 0.45461186601802 0.00968640577596284 39406.4212268387
"417" 0.337142857142857 -2908.16634572195 0.441566523774156 0.00931789204152072 40386.2962659191
"418" 0.356190476190476 -2569.81627737977 0.481982424217112 0.0100651028204146 37481.6857807352
"419" 0.371428571428571 -2673.00698108623 0.461477677564498 0.00977301751001209 38956.909513201
"420" 0.356190476190476 -2880.67370244684 0.458105928504506 0.00966623607206616 39187.3733358845
"421" 0.321904761904762 -3064.10437696199 0.439815373522798 0.00943582811726606 40514.7910365146
"422" 0.36952380952381 -2736.40977001163 0.472694182714117 0.0102465370273282 38129.4087306042
"423" 0.344761904761905 -3023.29778679515 0.442960065862503 0.00950417603408811 40313.7055079748
"424" 0.333333333333333 -3165.52809997237 0.432526935235914 0.00920816434356434 41003.5014185227
"425" 0.339047619047619 -2984.35529508466 0.420034377834707 0.00903466040397333 41902.0301569486
"426" 0.367619047619048 -2876.16290167982 0.455119130927876 0.00974941511257833 39368.488249245
"427" 0.348571428571429 -2812.42903075976 0.46044798993661 0.00980787107145288 38997.2343437424
"428" 0.35047619047619 -2938.19668594493 0.451670769233771 0.00979974885466379 39652.1408493583
"429" 0.361904761904762 -2834.35481374511 0.458621601946514 0.00974318878938611 39185.6295188087
"430" 0.352380952380952 -2872.11752314302 0.471051481774942 0.0100130026451546 38254.2420749346
"431" 0.344761904761905 -3133.83740352669 0.43343124410709 0.00935616725134469 40973.6865214192
"432" 0.361904761904762 -2695.87256650297 0.458421662785825 0.00968754637676999 39130.072356655
"433" 0.342857142857143 -2887.92273998052 0.441540632244504 0.00945824309397908 40410.790182049
"434" 0.367619047619048 -2801.24587051836 0.445053011985994 0.00939619386040512 40063.1010466006
"435" 0.365714285714286 -2764.69622604817 0.462924307295741 0.00980176464498284 38848.5883202034
"436" 0.36 -3038.60333802192 0.442981546408781 0.00950060920712355 40277.889646624
"437" 0.392380952380952 -2774.90940060888 0.486546449251062 0.0101194876468775 37177.8679050746
"438" 0.335238095238095 -2953.49365611271 0.447537390427169 0.00954291836091726 39956.5026347095
"439" 0.35047619047619 -2925.21842576938 0.451063604618671 0.00961694792325547 39689.6444934319
"440" 0.346666666666667 -2910.12392643073 0.427807015925377 0.00931249192013888 41344.5402142836
"441" 0.352380952380952 -3112.7385594666 0.429366789575729 0.00913061272105553 41254.2089830172
"442" 0.346666666666667 -2911.42597892096 0.431698857816584 0.00918374850532373 41093.4038109992
"443" 0.367619047619048 -3009.27934706546 0.459675373853788 0.00974980326370691 39082.7371021424
"444" 0.352380952380952 -3090.45977071639 0.450217564752641 0.00953736225858106 39724.5350675264
"445" 0.363809523809524 -2627.07166400744 0.454761131930601 0.00957153029173073 39405.6960912827
"446" 0.346666666666667 -2880.57906134584 0.438414195678476 0.00930130145793783 40518.0425150661
"447" 0.363809523809524 -3077.44184402477 0.456655650382624 0.00963883510982799 39313.2692795594
"448" 0.358095238095238 -2783.62271393379 0.437444812936841 0.00934116667296511 40636.2631654
"449" 0.342857142857143 -3413.3211284604 0.429072050188527 0.00926473535512478 41286.1266970301
"450" 0.375238095238095 -2889.61357781872 0.464843279834689 0.00985956221656571 38683.4500407737
"451" 0.35047619047619 -3036.62286175613 0.446902785427183 0.00950600831065272 40048.0478692191
"452" 0.356190476190476 -2963.02844077138 0.473235367353408 0.0101656265581386 38164.2609901363
"453" 0.342857142857143 -2956.01222308522 0.437196213537475 0.00936893950948016 40721.3643634851
"454" 0.352380952380952 -2859.30760342277 0.453143855202534 0.00965604650509335 39541.6079723818
"455" 0.316190476190476 -3057.18715763807 0.436280632300518 0.00942838184043922 40746.0724810124
"456" 0.373333333333333 -2754.59913082839 0.465409309448578 0.00987611606579147 38657.907645984
"457" 0.373333333333333 -2917.60503659727 0.468241183029774 0.00990237732492007 38503.5666166234
"458" 0.339047619047619 -2886.57818515982 0.436994930312731 0.00936870110047796 40695.6979419816
"459" 0.333333333333333 -2983.45549011225 0.444464146648235 0.0094012823070744 40172.8180158985
"460" 0.363809523809524 -2874.40939365332 0.461401212612102 0.00984927001700265 38914.657587579
"461" 0.354285714285714 -3005.1491499682 0.436579886569825 0.00941435033672558 40695.5234320854
"462" 0.344761904761905 -2924.47194665184 0.433173282671978 0.00929429501445617 40943.7663493903
"463" 0.340952380952381 -3055.26950929922 0.442712788932125 0.00952447772495703 40309.3539191966
"464" 0.327619047619048 -3071.86959639683 0.4288227531341 0.00911416064130855 41298.2443372746
"465" 0.348571428571429 -2904.26616427753 0.433601581434587 0.00919700632632392 40900.9956067456
"466" 0.35047619047619 -2853.35210391166 0.457639797002237 0.0096675957951694 39197.8707711074
"467" 0.373333333333333 -2843.78566703931 0.460098882443337 0.00967436326704078 39024.1609143494
"468" 0.356190476190476 -2681.76402944688 0.465638228373668 0.00990179626959965 38610.7043474671
"469" 0.375238095238095 -2771.13653088715 0.449808379439841 0.0095721687354266 39723.4389778191
"470" 0.35047619047619 -2956.95414641505 0.473689054121377 0.0100421020689325 38105.7142797051
"471" 0.358095238095238 -2957.5595554604 0.449773913443305 0.00949130104116299 39769.3808342527
"472" 0.335238095238095 -2924.36896581514 0.441829313189749 0.0093538642114017 40299.820039846
"473" 0.361904761904762 -2787.08772243341 0.440464300322313 0.00935893945083818 40421.8823235149
"474" 0.358095238095238 -2775.23109885515 0.453803874082868 0.00975242922729238 39511.2230851806
"475" 0.361904761904762 -2770.98836003321 0.471106063245666 0.00990614151871512 38279.2117724104
"476" 0.358095238095238 -2825.75799671897 0.444813074345311 0.00946093730937205 40130.1893226777
"477" 0.352380952380952 -3101.83657538248 0.451891020716977 0.00975821102881575 39640.3093555587
"478" 0.384761904761905 -2978.84650926776 0.458887057277385 0.00974157187960049 39190.9152719832
"479" 0.348571428571429 -3125.67220233196 0.441075677545826 0.00951851196875537 40420.8337318466
"480" 0.358095238095238 -3086.76941009279 0.438521425679895 0.00942171406576075 40539.3231177817
"481" 0.348571428571429 -3137.90956282424 0.431461864664026 0.00927953237009559 41171.7161380624
"482" 0.333333333333333 -2660.78899930292 0.453597931801618 0.00967444231117531 39473.0875744341
"483" 0.340952380952381 -3013.63596481279 0.438357678759981 0.00944765125665796 40611.1122436501
"484" 0.354285714285714 -2798.70261204955 0.469988434235924 0.00983022951840585 38331.5645362107
"485" 0.363809523809524 -2938.47968310774 0.454720456516656 0.00973353509765185 39436.5431050547
"486" 0.340952380952381 -2699.71823110318 0.433967962699632 0.00932790056476145 40874.3351951294
"487" 0.339047619047619 -2956.38338369957 0.43957963788704 0.0093905759274887 40557.6392716455
"488" 0.358095238095238 -2956.45201501773 0.428911674512316 0.00915234059195178 41216.4999562202
"489" 0.337142857142857 -2906.66950307132 0.431478015511359 0.00929353499658676 41135.8818304598
"490" 0.346666666666667 -3074.2536003702 0.435786968258664 0.00924949438477487 40785.9596205633
"491" 0.348571428571429 -2782.05127419779 0.448014032222983 0.00960353463509164 39906.955985089
"492" 0.365714285714286 -3070.84453383493 0.462299673094852 0.00972375441801027 38912.8467131571
"493" 0.348571428571429 -3163.20349974141 0.452507931636783 0.00972428218039379 39621.0659923145
"494" 0.342857142857143 -2679.96557223826 0.450479809243906 0.00954097776395371 39702.7938498922
"495" 0.363809523809524 -2700.45175410854 0.445540823291965 0.00950925369377262 40037.2521352118
"496" 0.365714285714286 -2688.90857445799 0.466303860556793 0.00990153765361866 38538.4347876362
"497" 0.333333333333333 -2961.98221756597 0.451979722155197 0.00954145026906714 39619.305835109
"498" 0.358095238095238 -2807.04881660288 0.460689569944627 0.00976195201884844 38968.0644772012
"499" 0.363809523809524 -2990.11965989924 0.447482019590455 0.00944238732359357 39953.1303388877
"500" 0.335238095238095 -3016.01881265446 0.446361338351551 0.00941069658657725 40024.3156412195
"501" 0.340952380952381 -2800.61421738465 0.433215069784995 0.00920741212584513 40956.7034821904
"502" 0.35047619047619 -2689.79093083664 0.470378183116901 0.00992268200715154 38311.3718447443
"503" 0.367619047619048 -2805.33095999147 0.448847048564334 0.00965001756286799 39837.6302570906
"504" 0.356190476190476 -2894.23791636633 0.44460918631033 0.00951124490989646 40105.5989111572
"505" 0.354285714285714 -2869.30887976441 0.447729998773077 0.0095449107945565 39943.3577809688
"506" 0.346666666666667 -2707.25482737552 0.454702072739032 0.00968844165906914 39447.6738193187
"507" 0.36952380952381 -3239.51098896156 0.442618708560637 0.00940765875759324 40317.8684585788
"508" 0.337142857142857 -3061.06428870572 0.423579983613023 0.00914173583645358 41688.6840436682
"509" 0.363809523809524 -3044.61731318593 0.449728424236999 0.00953654133624712 39837.3099318938
"510" 0.342857142857143 -2862.37672502395 0.451236610063915 0.00954419960552317 39698.9890876558
"511" 0.363809523809524 -2703.11844376913 0.458076771098387 0.00972070888328853 39168.4063429345
"512" 0.36 -3052.00729579208 0.45037702086118 0.00951027305235756 39734.9989388071
"513" 0.367619047619048 -3017.60091985232 0.460352890318439 0.00981303308943988 39009.5302610831
"514" 0.365714285714286 -2962.25247108811 0.438704583469345 0.00926728020566331 40603.9365186428
"515" 0.344761904761905 -2638.9204538641 0.435496228995466 0.0092412364030609 40798.638275636
"516" 0.348571428571429 -2987.18025165021 0.431217830993113 0.00937122506027672 41104.2102145499
"517" 0.36 -2799.22910204484 0.460301235158302 0.00984001408866378 39028.6635060023
"518" 0.318095238095238 -2987.70431795716 0.41211926442148 0.00900971020172486 42498.9632753255
"519" 0.365714285714286 -3026.77101110132 0.438830053814119 0.0093009403830206 40584.8108778498
"520" 0.35047619047619 -2946.63527273051 0.424721896327305 0.00915359743065618 41563.774324603
"521" 0.35047619047619 -2858.7874364033 0.442895571750533 0.00957735755658824 40256.3678811281
"522" 0.356190476190476 -2777.13471862525 0.472886472046107 0.00995137034752869 38110.7198046194
"523" 0.342857142857143 -2783.77935327226 0.459308220466966 0.00975100396428575 39115.9605503263
"524" 0.342857142857143 -2847.40131306173 0.4485130725118 0.009527792440875 39861.0587615332
"525" 0.35047619047619 -2774.84204253514 0.44104758833676 0.00938375016515716 40394.7584240868
"526" 0.346666666666667 -3041.40405400847 0.43628578164312 0.00939342242646488 40723.1301893984
"527" 0.337142857142857 -2783.3204020274 0.4472272594969 0.00941525348830279 39964.9573216064
"528" 0.342857142857143 -2986.49693367297 0.433210999247029 0.00918070101644782 40982.9237232483
"529" 0.365714285714286 -3008.00364897876 0.453299553086744 0.00967693851765825 39571.1741874401
"530" 0.342857142857143 -2887.24398181483 0.447498449541654 0.00955297827606325 39905.2438202958
"531" 0.36952380952381 -2787.17333103714 0.452763205992625 0.00957502905989074 39536.4121572443
"532" 0.348571428571429 -2975.55714042382 0.430218067616143 0.00916426064301682 41188.9522614535
"533" 0.346666666666667 -2749.40891699535 0.43980496403412 0.0093924262358616 40454.283644317
"534" 0.333333333333333 -2862.11668714956 0.451848995117413 0.00971178574774591 39643.9839916158
"535" 0.35047619047619 -2935.10216101076 0.451097039063415 0.00953923568393097 39721.5173734242
"536" 0.35047619047619 -3080.90166960318 0.44348224103134 0.00946055506011548 40225.3145921274
"537" 0.36 -2899.79537981048 0.464142913709403 0.00975401494688899 38738.7198725835
"538" 0.352380952380952 -2816.56942381434 0.453789933589683 0.00969622669103502 39473.4979955471
"539" 0.375238095238095 -2738.52174395689 0.45206470655214 0.00956055916786125 39615.391045666
"540" 0.352380952380952 -2826.08041766264 0.438603031366203 0.00934409943122457 40557.9140595548
"541" 0.335238095238095 -2893.69000099575 0.436998036016844 0.00935766564952505 40717.2593460321
"542" 0.36 -2823.90470680694 0.447301428608349 0.00962153493693979 40005.4658781665
"543" 0.36 -2910.89332229865 0.443532916426668 0.00940030267165651 40233.0607585846
"544" 0.348571428571429 -2946.20856304336 0.443268812451702 0.00941949834616176 40239.6737667116
"545" 0.348571428571429 -2658.0268693554 0.468134889210488 0.0099151272620161 38428.2976696299
"546" 0.373333333333333 -2866.98197605826 0.468017907981952 0.00991095324416309 38463.0414370504
"547" 0.342857142857143 -2936.11388302912 0.419267556395135 0.00916536730363811 41953.1389369614
"548" 0.339047619047619 -2845.2506245266 0.459236461664094 0.00972810969686778 39137.7588600731
"549" 0.331428571428571 -2947.8537307729 0.428590844508827 0.00918305177369329 41287.5522974747
"550" 0.354285714285714 -3020.86565413885 0.431473445473637 0.00918529330988282 41075.2474666291
"551" 0.333333333333333 -2979.58722984198 0.425579289655719 0.00912897681696252 41518.6977173102
"552" 0.344761904761905 -2887.39170541282 0.445468711890469 0.00962110645006981 40035.9844131558
"553" 0.367619047619048 -2676.69006165409 0.449361583127537 0.00952460430053688 39790.3286460262
"554" 0.371428571428571 -2753.98021236404 0.465870646517042 0.00991314506647411 38581.3515152189
"555" 0.335238095238095 -2789.74191273134 0.460295734626251 0.00974709527760809 39022.3589720482
"556" 0.354285714285714 -2883.70202116546 0.43748703683273 0.00943698273054389 40678.2329142909
"557" 0.361904761904762 -3106.62141042918 0.450963280891224 0.00949252284285039 39711.8920640244
"558" 0.358095238095238 -3122.5557233379 0.443299300888509 0.00937093583158468 40300.3707536106
"559" 0.356190476190476 -2812.34236189377 0.468848880138097 0.00984629374539772 38428.45813667
"560" 0.339047619047619 -3039.78444550813 0.444256070041558 0.00956119816210541 40201.3881401224
"561" 0.352380952380952 -2654.97675813822 0.474013488194577 0.0100169265586186 38070.453542975
"562" 0.36 -2693.66488546847 0.475697380882037 0.0100446317649525 37955.0817292016
"563" 0.339047619047619 -3151.07341368492 0.458724920447958 0.00971150019904976 39173.7253598175
"564" 0.329523809523809 -2920.63807321506 0.443211374891435 0.00939870406632482 40198.1849687156
"565" 0.361904761904762 -2840.03359000097 0.463160419391695 0.00968591702101172 38853.4850724913
"566" 0.344761904761905 -2918.68202774379 0.454189587040259 0.00982052306126335 39442.0265381403
"567" 0.361904761904762 -2827.03317052949 0.447084079585011 0.00957921852288912 39943.7375181276
"568" 0.346666666666667 -2788.94156634595 0.442899251381605 0.00944569511356334 40230.5762605279
"569" 0.339047619047619 -2765.12244781186 0.461867904488265 0.00973004197256495 38887.8025853028
"570" 0.354285714285714 -2692.88781065329 0.440936191884708 0.00952555410995384 40321.3522769318
"571" 0.337142857142857 -2852.65718776367 0.447032887671376 0.00954553400087227 39949.7252779696
"572" 0.36952380952381 -3066.97971095513 0.453042655331951 0.00950858689750967 39593.5973579345
"573" 0.342857142857143 -3000.47126339203 0.45322884015736 0.00963100022258613 39558.330739828
"574" 0.348571428571429 -2809.88069960064 0.433065879900248 0.00943007486793562 40963.8968072269
"575" 0.361904761904762 -2797.90413232789 0.461771994802106 0.00980550101739571 38898.2016343838
"576" 0.346666666666667 -2583.92332017883 0.46193200745243 0.00985095324218191 38870.7022944664
"577" 0.371428571428571 -2963.67321254681 0.47922256629959 0.0101327780021051 37686.3712481845
"578" 0.354285714285714 -2943.16363170587 0.461188847594164 0.00975697372115531 38961.7823101232
"579" 0.356190476190476 -2858.8259955399 0.449734986141633 0.00951917736662472 39759.2979200323
"580" 0.356190476190476 -2932.80077902406 0.441145913470072 0.00943617738679904 40388.4211331959
"581" 0.340952380952381 -2766.140776062 0.455789266355957 0.00967158524880015 39345.7842466941
"582" 0.358095238095238 -2929.33038545554 0.428737914330705 0.00926110571954994 41248.3298656704
"583" 0.337142857142857 -2903.99588507768 0.434534762057456 0.00940186600756134 40851.4216014195
"584" 0.36 -2693.15103523666 0.452811563771013 0.00958376395258907 39522.222982639
"585" 0.36 -2862.75281958657 0.433913174542638 0.00930390919215112 40897.7484162208
"586" 0.365714285714286 -2910.97407961682 0.452504564144839 0.00951877708857079 39632.0964466773
"587" 0.380952380952381 -2759.6787568357 0.45528066100537 0.0098225942419651 39395.7261361779
"588" 0.356190476190476 -2765.83844233017 0.443511436345714 0.00937074096840273 40236.5937144586
"589" 0.333333333333333 -2765.13886487615 0.44725765326437 0.0094765858567899 39954.6490387371
"590" 0.344761904761905 -2904.14877246352 0.440568306185085 0.00949235884458736 40441.0213746469
"591" 0.348571428571429 -3091.50848663846 0.448104682981736 0.0095741404253005 39908.9780737301
"592" 0.346666666666667 -2840.38785720856 0.453739525761652 0.0096340307413119 39521.2267092669
"593" 0.356190476190476 -3015.76980685467 0.447373640469334 0.00949360128683716 39956.3614753563
"594" 0.352380952380952 -3049.59980881923 0.431246667742887 0.0092397068353526 41058.8873462976
"595" 0.337142857142857 -2829.53229023601 0.436951530364638 0.00931223908374665 40646.1192650171
"596" 0.339047619047619 -3072.31935225079 0.446932520527333 0.00942924961603678 39983.5169438601
"597" 0.354285714285714 -2986.55012120758 0.437285988405217 0.0094025069376108 40704.1148972564
"598" 0.354285714285714 -2735.15155191535 0.44147999743678 0.00948060640506092 40333.4058781111
"599" 0.352380952380952 -2832.98060666405 0.440917283423009 0.00949174769791394 40385.2904740513
"600" 0.358095238095238 -3133.27339974397 0.451472204537036 0.00950661629679229 39713.6077956358
"601" 0.346666666666667 -2963.10115913087 0.446692494390722 0.00942987153952967 40018.3290045794
"602" 0.35047619047619 -2939.23250903643 0.441681160354774 0.00938949583667657 40349.5560162992
"603" 0.348571428571429 -2845.66761708589 0.451658405936533 0.00957825552840618 39626.2748884815
"604" 0.346666666666667 -2937.99549895128 0.444504021843863 0.00965667501086556 40154.0929815664
"605" 0.365714285714286 -3107.59444396423 0.452047051625701 0.0094941508907316 39616.6435421581
"606" 0.35047619047619 -2908.71379580887 0.440963897592396 0.00941283165010676 40424.4948122949
"607" 0.354285714285714 -3077.55208778767 0.452258746080242 0.00972676412708553 39583.4538323511
"608" 0.318095238095238 -3060.11903957731 0.43415147074059 0.00923076356272456 40846.0379121635
"609" 0.344761904761905 -3106.9088215907 0.439590359735246 0.009292829683296 40552.8550530275
"610" 0.342857142857143 -2923.24261330316 0.429409633753896 0.00918993223166452 41235.3868043772
"611" 0.367619047619048 -3105.27274785706 0.446996307225555 0.00952908015377366 40000.2593199393
"612" 0.333333333333333 -2991.71665634246 0.428555949864296 0.00914047486270621 41314.7406652483
"613" 0.358095238095238 -2988.10570576389 0.450812922303348 0.00961418456128503 39740.2419249284
"614" 0.348571428571429 -2590.29236969354 0.445362420514156 0.00941442276013434 40053.0068568569
"615" 0.352380952380952 -3086.36724884324 0.449215394667682 0.00948673539011125 39841.3035827946
"616" 0.340952380952381 -2847.02158462979 0.450552539009141 0.00958598256783182 39737.446645433
"617" 0.348571428571429 -2843.63922858128 0.435407261924498 0.00933977567376819 40796.3008075973
"618" 0.352380952380952 -2865.19542383407 0.437815989159233 0.00943185559340954 40650.0519594831
"619" 0.346666666666667 -3076.99714731604 0.43043915838693 0.00916111752533935 41147.8592408738
"620" 0.361904761904762 -3126.8784991891 0.444489812347107 0.00945202236449293 40196.2998396705
"621" 0.35047619047619 -3194.72253203013 0.442104271510239 0.00936332827876155 40362.4902725958
"622" 0.329523809523809 -3032.98321159189 0.439615940854405 0.00931097519356214 40525.0001213761
"623" 0.352380952380952 -2844.46985381244 0.443993120258221 0.00945940076385242 40164.2407733724
"624" 0.36 -2856.83803816 0.462883395507277 0.00984845286187254 38882.7904513448
"625" 0.354285714285714 -2896.34417989226 0.444127861668584 0.00949706552544318 40134.9704468986
"626" 0.35047619047619 -2721.5448996656 0.463961013636639 0.00972438809844236 38736.8377503197
"627" 0.335238095238095 -3049.36542527274 0.443358054214614 0.00963636165239474 40288.2032832568
"628" 0.36 -2704.69960201124 0.457881806357128 0.00970864503004002 39171.1457149382
"629" 0.337142857142857 -2831.87882310898 0.448101718652345 0.00953307036658889 39859.4874295334
"630" 0.354285714285714 -3245.33030926549 0.460476502375903 0.00992438608924794 39018.1927995307
"631" 0.354285714285714 -2991.39078460735 0.435241706539144 0.00932643487392135 40844.1930470274
"632" 0.35047619047619 -3024.31713414418 0.451070354057163 0.00963698415692759 39713.235056691
"633" 0.337142857142857 -2613.30142578691 0.448221374216297 0.00966853100482694 39826.0310049461
"634" 0.346666666666667 -2682.0803836362 0.462899263628168 0.00980489399886051 38843.0917094032
"635" 0.358095238095238 -2811.9744840515 0.466358842454563 0.00986593212243033 38594.1960105492
"636" 0.348571428571429 -2680.17773393072 0.461532761161231 0.00973514561712641 38922.4898785453
"637" 0.356190476190476 -2900.07846440529 0.455564595998239 0.00966088672266889 39376.9883693368
"638" 0.36 -2745.13810924768 0.456765812261378 0.00968635495629197 39271.7664723378
"639" 0.340952380952381 -2961.80875853474 0.440994977473769 0.00947978498173808 40424.7294107963
"640" 0.333333333333333 -3027.56707467885 0.437507748764087 0.00944819036694665 40664.2033234752
"641" 0.339047619047619 -2752.0521268198 0.447416751579193 0.00942152153847442 39927.5556514298
"642" 0.367619047619048 -2761.54570357061 0.463565939027756 0.00978138325056845 38803.1442189178
"643" 0.36952380952381 -3173.1273474931 0.459143237681711 0.00966292610299911 39111.8884808264
"644" 0.348571428571429 -3055.93529271702 0.437516584821857 0.00943083362783997 40680.2023016943
"645" 0.344761904761905 -3282.48915365433 0.436511918454758 0.00927506945162407 40774.9032552323
"646" 0.348571428571429 -2824.77806481949 0.430146025793446 0.00922576171158042 41159.3903976605
"647" 0.354285714285714 -3082.80701639671 0.448254462955651 0.00952412222233408 39913.1796413082
"648" 0.344761904761905 -2927.29802097267 0.451568246857236 0.00960509211592005 39629.687198839
"649" 0.367619047619048 -2944.61683306933 0.445863595659663 0.00948638363488831 40076.1355631432
"650" 0.367619047619048 -2909.38305286185 0.437343814227014 0.00924224806108852 40702.995842903
"651" 0.337142857142857 -2926.43256288404 0.444858039368842 0.00956057075451923 40145.0234950422
"652" 0.35047619047619 -2782.81422478193 0.438434416407814 0.00953524087479279 40558.9293247275
"653" 0.358095238095238 -2659.92157472327 0.463458568215338 0.00997958513015477 38763.8313400756
"654" 0.352380952380952 -2905.65647830032 0.448633487808056 0.00957654447434993 39863.8582149447
"655" 0.329523809523809 -3029.98410803645 0.437028248629029 0.00940042968133693 40646.3314519708
"656" 0.356190476190476 -2725.07735361302 0.443638396372496 0.00936209591014828 40198.0602330734
"657" 0.36 -2742.19718816019 0.474242860313525 0.0100863674347584 38038.8117675421
"658" 0.358095238095238 -2966.44045083859 0.44389389160689 0.00945071704910084 40174.9871144448
"659" 0.340952380952381 -2839.73223530052 0.440743695372614 0.00938394884747428 40409.7570348393
"660" 0.346666666666667 -3025.28669386536 0.453204380796172 0.00960036209270258 39624.7059878595
"661" 0.358095238095238 -2979.88967394232 0.440585833688474 0.00948691082220946 40407.0229399964
"662" 0.35047619047619 -2826.23296315769 0.448724974451346 0.00949082648431696 39846.8254638659
"663" 0.329523809523809 -2887.53312403909 0.426465123626024 0.00921392990473113 41426.0359483969
"664" 0.35047619047619 -3111.84252252681 0.433282382867207 0.00941594696468302 40972.1432985096
"665" 0.352380952380952 -2973.96428653342 0.453922705787014 0.0097257023273973 39446.2639729521
"666" 0.35047619047619 -3105.60463161893 0.451180127240572 0.00969173122005233 39742.5312132427
"667" 0.365714285714286 -2942.78197335188 0.451655805261663 0.00972900458432868 39609.4030101043
"668" 0.348571428571429 -3017.55206937258 0.45420096673454 0.00953188132540096 39500.813907376
"669" 0.352380952380952 -2860.09056022099 0.464158611627738 0.00972973701769887 38781.4760515678
"670" 0.329523809523809 -3085.3687701654 0.42604006672908 0.00918178469857797 41494.7957743928
"671" 0.354285714285714 -3004.56485620096 0.442427548067718 0.00954832056815924 40292.0767597051
"672" 0.35047619047619 -3017.66422258749 0.446535364568513 0.00952973417203431 39973.6545354767
"673" 0.36952380952381 -3027.25402969124 0.466981143136139 0.00984775310483913 38553.055798201
"674" 0.342857142857143 -2990.80693801302 0.435023170133476 0.0092622506766567 40850.1374612103
"675" 0.358095238095238 -3121.92832035808 0.45808550475354 0.00960478594197508 39249.4907679104
"676" 0.352380952380952 -2967.98577744566 0.450281036543172 0.00948342829864848 39744.1406187787
"677" 0.356190476190476 -3113.89295344916 0.442895842260723 0.00946146456450724 40286.6451699549
"678" 0.354285714285714 -3113.68370663473 0.438634198261323 0.00928071436385264 40539.4857780371
"679" 0.331428571428571 -3096.00350383972 0.422028750579583 0.00909326229679785 41749.7877253487
"680" 0.337142857142857 -3036.85825136798 0.429180782337903 0.00923519902346565 41246.388473275
"681" 0.342857142857143 -2862.65509170512 0.442935636110136 0.00949633217778783 40208.8543027354
"682" 0.331428571428571 -2975.12641699273 0.430084923793432 0.00915033516550964 41158.3419230276
"683" 0.346666666666667 -2957.12196052072 0.454601897532578 0.00967724277356783 39397.3198190622
"684" 0.36 -2805.54871506635 0.457746074282836 0.00961461957704522 39175.0528808122
"685" 0.35047619047619 -2837.27167436191 0.451853655560986 0.00949411505644629 39667.9483413515
"686" 0.348571428571429 -2981.81557035035 0.446269969566482 0.00945832069826755 40045.2635534493
"687" 0.346666666666667 -3213.24514576231 0.420764289024664 0.00901721708687534 41816.0277555845
"688" 0.35047619047619 -2997.12121560577 0.432528421677211 0.00933382016825113 41007.9140324087
"689" 0.354285714285714 -3098.62009479163 0.434804830033394 0.00925678783825947 40843.9129785109
"690" 0.344761904761905 -3190.08430621248 0.424267967642952 0.00915814660733516 41599.2609139117
"691" 0.361904761904762 -2537.15817769403 0.473039197263566 0.0098999675200936 38117.2550271813
"692" 0.35047619047619 -3071.17512792264 0.422347755256662 0.0090771061823708 41741.2817351516
"693" 0.356190476190476 -2977.60950536466 0.451973488936289 0.00958943045070794 39646.8110409759
"694" 0.36 -2928.05134124237 0.458630367950132 0.00960429623748791 39178.6470883413
"695" 0.354285714285714 -3004.26335103117 0.456123501882962 0.00960646093973892 39326.8690787576
"696" 0.361904761904762 -2958.14453288425 0.447258641427083 0.00954276483499 39988.1872849583
"697" 0.354285714285714 -2903.12576747955 0.447271459970444 0.00954440529791386 39971.0363615927
"698" 0.377142857142857 -2775.6985922089 0.454864830916544 0.00958981209802291 39412.8226239787
"699" 0.35047619047619 -3071.87574407973 0.448192548789978 0.00970078187588426 39849.9448610577
"700" 0.363809523809524 -2907.59259780493 0.457389766693018 0.00983217080416954 39212.9035451077
"701" 0.344761904761905 -2803.78520473598 0.439518345655258 0.00939583494818385 40507.4059131784
"702" 0.354285714285714 -2912.07532505588 0.459433134099833 0.0097288686627827 39090.7122040406
"703" 0.339047619047619 -2976.20881973315 0.44652262541041 0.00953268960952656 40069.1949544609
"704" 0.365714285714286 -2754.55878738371 0.468699369771736 0.00998702939063916 38398.2739498873
"705" 0.367619047619048 -2915.09975079558 0.467406996306423 0.00985953973130181 38510.4186315835
"706" 0.342857142857143 -2952.70471292587 0.43406405799768 0.00929830368162082 40884.6504475226
"707" 0.344761904761905 -2900.04495198345 0.436616889524755 0.00938029931575631 40752.092065183
"708" 0.36 -2764.77677987211 0.467495930941089 0.00979091360179331 38491.2939051549
"709" 0.344761904761905 -2915.64425659679 0.449111873556308 0.00971434298913211 39815.5420033915
"710" 0.333333333333333 -2786.27913612709 0.445796810263073 0.00952827018923057 40017.0547966719
"711" 0.344761904761905 -3123.98743673701 0.438625636968714 0.00937582061935194 40629.5742146861
"712" 0.36952380952381 -2973.87872169085 0.442366992299389 0.0095240856374341 40324.8435944619
"713" 0.375238095238095 -2743.92837813056 0.469281686924941 0.00994637533618932 38334.9453645423
"714" 0.371428571428571 -2616.90098722226 0.462706709629746 0.00987172391808763 38806.7762084554
"715" 0.36 -2765.29974280131 0.454738655509423 0.00966282326876705 39461.548510304
"716" 0.380952380952381 -3075.22995434311 0.460911165543561 0.00979279645068312 38946.4389881789
"717" 0.356190476190476 -2894.69463690578 0.43254287340071 0.00928216392630475 41029.1353287869
"718" 0.365714285714286 -2935.96166511666 0.450425664035236 0.0094778129440142 39746.0296553313
"719" 0.337142857142857 -3013.64220231413 0.430864011223402 0.00920645661428487 41122.9726701106
"720" 0.346666666666667 -3117.71842485575 0.432202982544767 0.00916921632500452 41032.2133213184
"721" 0.339047619047619 -2860.70886744738 0.440901164719432 0.00955917127684043 40437.8057644255
"722" 0.363809523809524 -2783.41274235614 0.454011894715744 0.00970194616863139 39458.067534516
"723" 0.340952380952381 -2917.2305199631 0.433454647568674 0.00924268044302155 40907.3784735653
"724" 0.358095238095238 -2716.6001762998 0.446524146711571 0.00954759458580219 40014.5675521259
"725" 0.361904761904762 -2653.16112300976 0.454455612712381 0.0095756444514372 39436.787306862
"726" 0.36 -2837.5895988346 0.468523846404603 0.009807667290532 38479.9054263786
"727" 0.337142857142857 -2957.65945917988 0.434874760492143 0.00921305138995418 40822.7418085676
"728" 0.323809523809524 -2987.66468660117 0.430747100289381 0.00929349062105446 41153.2239216222
"729" 0.358095238095238 -3166.29197651692 0.451234458480713 0.00960533301006975 39698.8460826371
"730" 0.342857142857143 -2941.41840143198 0.431268748839862 0.00925899629531696 41071.596307448
"731" 0.363809523809524 -2964.60638525998 0.452420706961462 0.00968502696785412 39607.9397464571
"732" 0.35047619047619 -2999.93326858592 0.450840817839505 0.00947819451400885 39708.1974078374
"733" 0.361904761904762 -2834.50562543764 0.433570665326315 0.00932454050853471 40974.8137632521
"734" 0.348571428571429 -2754.27812863 0.438950012300413 0.00958369215066144 40519.0676014708
"735" 0.348571428571429 -2784.53725219473 0.459721925304126 0.00976803909928759 39070.9980565276
"736" 0.36 -3002.03874781989 0.428514252239546 0.00913599861202942 41323.9477214316
"737" 0.337142857142857 -3124.8812101453 0.443313173306653 0.00935225003873227 40265.4226657456
"738" 0.346666666666667 -2730.77759119392 0.447915938966823 0.00970244016668733 39879.0161327597
"739" 0.352380952380952 -3098.04828098817 0.421636381051637 0.00904740370768751 41754.7839776441
"740" 0.358095238095238 -2937.22245298806 0.439954337640257 0.00940048357424109 40466.6200262567
"741" 0.335238095238095 -3139.16395108983 0.450683728128898 0.00962809127611027 39745.0096528561
"742" 0.354285714285714 -2980.8654731932 0.447733029190524 0.00944280491306414 39972.2543910513
"743" 0.335238095238095 -3075.84188329665 0.42981127722383 0.00922723576327803 41226.3173827411
"744" 0.323809523809524 -2867.95922714742 0.43686960396717 0.00924822006760062 40701.5651737957
"745" 0.348571428571429 -2976.92996490041 0.44058979297757 0.00945503273178353 40439.560568842
"746" 0.36952380952381 -2642.11575345333 0.469509105944853 0.00981495570620919 38339.4017558556
"747" 0.371428571428571 -2961.67732755856 0.440218686901521 0.00944895518116033 40454.5750859541
"748" 0.373333333333333 -2974.27244691783 0.47442962814986 0.0101820579519204 38053.4041671002
"749" 0.339047619047619 -3013.18030412945 0.429270584371134 0.00930227970156249 41237.8370030051
"750" 0.352380952380952 -2729.79282308528 0.449470298153091 0.00954934357148782 39790.1170210263
"751" 0.348571428571429 -3063.65667588341 0.446250282040777 0.00958597646260253 40071.4273886355
"752" 0.348571428571429 -2621.91631435291 0.43900174041089 0.00934914066544458 40479.4243483321
"753" 0.337142857142857 -2700.4885060441 0.42007012844501 0.00906451643371821 41865.7055986444
"754" 0.352380952380952 -2870.59649018471 0.46163079790288 0.00976163459529797 38956.848336068
"755" 0.361904761904762 -2902.2012097062 0.452682526411061 0.0095264901805612 39621.8914027801
"756" 0.352380952380952 -3127.05053047005 0.450984833600806 0.00965724299130526 39723.7823520104
"757" 0.363809523809524 -3096.10667427778 0.451983813604139 0.00964380253218764 39627.3491965477
"758" 0.356190476190476 -3066.4090470079 0.45283571274842 0.00960894403434041 39573.5270947914
"759" 0.344761904761905 -2948.16448015926 0.447618270680718 0.00942215168532322 39920.9017551303
"760" 0.354285714285714 -2929.71311159947 0.426519174012044 0.00921898797456647 41411.0705458736
"761" 0.346666666666667 -2897.46700207159 0.424828561395137 0.00922191772019484 41547.9713843978
"762" 0.339047619047619 -2899.44870548057 0.456686875907074 0.00963394807630825 39316.6944444792
"763" 0.333333333333333 -3030.37591311505 0.437914993761069 0.0093074155624502 40655.6496104431
"764" 0.339047619047619 -2746.80996282198 0.460113499417995 0.00975673869952779 39023.6309026452
"765" 0.358095238095238 -2832.94996094663 0.444003823393066 0.00965988656895696 40181.0125222442
"766" 0.363809523809524 -2917.78348586448 0.439620366044911 0.00947217751050949 40482.6253775676
"767" 0.356190476190476 -2719.55720223314 0.461936208012023 0.009803536504125 38918.6634644682
"768" 0.352380952380952 -3011.75522556911 0.45284238224685 0.00964148231136244 39558.9696627561
"769" 0.331428571428571 -2837.16074898664 0.452507279574701 0.00957974479870834 39543.3604499064
"770" 0.346666666666667 -3121.94157756722 0.439978164121565 0.00930669196792048 40522.9365517201
"771" 0.35047619047619 -2767.7177281478 0.453986785939032 0.00954955436263864 39453.721632032
"772" 0.344761904761905 -2925.62275506223 0.453329469561802 0.00970253408176443 39571.962813109
"773" 0.371428571428571 -2687.8411061907 0.47269756520007 0.0101857657823305 38150.3086779433
"774" 0.331428571428571 -2941.21627356397 0.438849292027924 0.00947457333111353 40572.934287686
"775" 0.361904761904762 -2916.4077061128 0.434850556822337 0.00924930638693564 40803.1446501285
"776" 0.36 -3025.47477866422 0.461030024633434 0.00975206208077574 38986.2232348913
"777" 0.337142857142857 -2918.98908906072 0.448686590221232 0.00952626117937087 39931.6408530042
"778" 0.348571428571429 -2838.3866297732 0.441527247939045 0.00943850496175798 40326.3241359231
"779" 0.333333333333333 -2765.6414180627 0.424970670399329 0.00919002031610355 41509.889213751
"780" 0.346666666666667 -2883.05848455604 0.447088807004232 0.00945443637692604 39964.4933704043
"781" 0.367619047619048 -2768.63761421214 0.466112840866603 0.00974718579638534 38654.1138865124
"782" 0.356190476190476 -3068.75435715634 0.44441468946749 0.00955744499758821 40170.1882459862
"783" 0.342857142857143 -3047.01309923621 0.447925594468055 0.009519464738965 39916.5263174714
"784" 0.367619047619048 -2658.38178401524 0.458865762971339 0.00966639696372762 39096.216538299
"785" 0.36 -2923.36952662569 0.460434404584043 0.00966127683104156 39028.2442608017
"786" 0.352380952380952 -2891.89744849635 0.439534950868008 0.00950836376176192 40539.5716280702
"787" 0.354285714285714 -2937.63569939564 0.452117712941478 0.00976907550794207 39617.9283072093
"788" 0.363809523809524 -2855.67232573004 0.460149411672927 0.00977200388613027 39054.4171267861
"789" 0.358095238095238 -3015.00830255274 0.429400153282304 0.00912914416234269 41208.6705786338
"790" 0.375238095238095 -3053.49120119697 0.44796611425974 0.0094682198926819 39906.4808538593
"791" 0.329523809523809 -3126.28184101279 0.449835576754584 0.00947839527021751 39767.1878924545
"792" 0.342857142857143 -2921.86982424203 0.448576040514442 0.00950180544200025 39836.1406173343
"793" 0.35047619047619 -2874.04187101418 0.445664014424154 0.00961073260879143 40092.1781375532
"794" 0.35047619047619 -2860.75010076176 0.449448561960113 0.00951738096558992 39794.4540278515
"795" 0.346666666666667 -2854.56957399977 0.45425767575901 0.00963518923266282 39463.5326937232
"796" 0.346666666666667 -2828.80218050371 0.457615324881184 0.00970468411150049 39240.4437211709
"797" 0.354285714285714 -2802.11849719301 0.447591551161146 0.00948710751772143 39925.3069810028
"798" 0.352380952380952 -3085.82710685122 0.451243482724601 0.00957333797543974 39739.8855781796
"799" 0.367619047619048 -2882.66862454551 0.44769603314864 0.00968059437994638 39893.6352633656
"800" 0.340952380952381 -2848.54574567525 0.442059126927055 0.00945964629751407 40316.833762288
"801" 0.352380952380952 -3087.92037975048 0.450818085566497 0.00950342328089109 39727.228653993
"802" 0.346666666666667 -3022.45066217914 0.43061594214349 0.00928457527636422 41118.2833244724
"803" 0.367619047619048 -3147.13599340602 0.445088997899455 0.0095061599409141 40122.6410305569
"804" 0.358095238095238 -3037.25150336863 0.444410209771625 0.00940702042283363 40159.5343670732
"805" 0.352380952380952 -2763.48530448645 0.446168764408615 0.00945434466726544 40035.206740529
"806" 0.356190476190476 -2692.83830947354 0.461836724383258 0.00996486877417953 38897.5218453457
"807" 0.356190476190476 -2888.9333821231 0.426487712448792 0.00917413931846529 41427.417762458
"808" 0.35047619047619 -2818.19032082 0.450010128033524 0.00959847285131785 39751.5987416035
"809" 0.35047619047619 -2990.23527271331 0.445355059193402 0.00959059833483412 40120.2355648958
"810" 0.356190476190476 -2979.32722279785 0.466750605141875 0.00979995871760129 38606.9996133779
"811" 0.363809523809524 -2732.4697422161 0.468125872854828 0.00981905581960092 38485.6422117297
"812" 0.337142857142857 -3161.32405472086 0.416455012037151 0.00891693184250531 42201.6097746176
"813" 0.363809523809524 -2585.78499979458 0.463070522772103 0.00971414321137317 38765.8561752287
"814" 0.337142857142857 -3152.86656207548 0.442318636197917 0.00956174139528947 40322.6306543319
"815" 0.371428571428571 -3148.21715981491 0.462695974477415 0.00969184767229983 38883.4550403052
"816" 0.367619047619048 -2693.61041585802 0.461501292036513 0.00995588653936323 38912.5398819465
"817" 0.36 -3028.66293465776 0.4317534766666 0.00924731697126767 41080.3417549825
"818" 0.348571428571429 -2681.3018179291 0.452436205842207 0.00972217962377157 39590.4188811148
"819" 0.352380952380952 -3018.5674057423 0.445663063261072 0.00941456092644802 40073.2012468723
"820" 0.363809523809524 -2611.25708997563 0.462214558653499 0.00974527726040226 38847.2933979778
"821" 0.348571428571429 -2999.56744101499 0.455347976575082 0.00967835311024702 39427.6524131526
"822" 0.329523809523809 -2890.71436352978 0.445788522340791 0.00938299780233293 40103.3723628518
"823" 0.354285714285714 -2938.68955403717 0.450822782607015 0.00946460323973294 39748.5248421793
"824" 0.361904761904762 -3034.5581951524 0.449021524001343 0.00953654410518351 39869.6950136568
"825" 0.331428571428571 -3065.03216433869 0.421759525372399 0.00910207356296328 41790.7540502242
"826" 0.348571428571429 -2890.5910934672 0.464072071199113 0.00991827237713858 38769.4767967833
"827" 0.340952380952381 -3321.3478346392 0.436296316072331 0.00941189058493696 40767.7042164906
"828" 0.354285714285714 -3127.56443017218 0.445441595536546 0.00940678554489227 40069.2719789363
"829" 0.365714285714286 -2984.33288048519 0.459721586451065 0.00965115662584684 39129.4837560967
"830" 0.365714285714286 -2819.06360000676 0.456494754542384 0.00962582369392946 39326.8152627174
"831" 0.356190476190476 -2542.12232424047 0.463652562869792 0.00990009061401366 38717.3484636014
"832" 0.342857142857143 -2958.8371444741 0.440485548802753 0.00935071540616342 40509.937601792
"833" 0.346666666666667 -2617.12407632543 0.444536050487963 0.00942084270666936 40135.5551613337
"834" 0.35047619047619 -3036.74787567669 0.465456169534927 0.00992379110794122 38675.6227885905
"835" 0.321904761904762 -2987.17728438532 0.431076167122722 0.00925046365508126 41105.9472791526
"836" 0.361904761904762 -3067.52383496046 0.435054739476034 0.00920895501535029 40873.9851762239
"837" 0.339047619047619 -2940.01185330459 0.423943666955439 0.00903830447761331 41624.1714219761
"838" 0.337142857142857 -2943.83255349471 0.449464976750034 0.00970582069639269 39836.8626632805
"839" 0.356190476190476 -2671.57790544829 0.46606299812092 0.00975070046780792 38579.2988780414
"840" 0.352380952380952 -3099.49207985377 0.451622660334615 0.00954083161598163 39626.79555341
"841" 0.339047619047619 -3044.14644494099 0.446188884201715 0.0094199901878503 40055.5327419148
"842" 0.346666666666667 -2967.05515437116 0.444940887963952 0.00949414676662118 40149.0178077393
"843" 0.35047619047619 -3132.17336037356 0.458637601935935 0.00959891069437773 39184.0606102913
"844" 0.361904761904762 -2704.78450905505 0.448430142820035 0.00957862953564731 39843.6347330065
"845" 0.348571428571429 -3002.73593754761 0.428604544191042 0.0092299837760442 41299.1611356821
"846" 0.337142857142857 -3014.88505384812 0.435261552192059 0.00936623358859326 40814.5148918275
"847" 0.339047619047619 -3087.57496520709 0.444556032624712 0.00955346607102629 40207.0952560689
"848" 0.365714285714286 -2939.43891713135 0.44168778956319 0.00943921333077462 40363.070351193
"849" 0.35047619047619 -2984.12755203111 0.44967783105882 0.0094919996996934 39789.3683876753
"850" 0.352380952380952 -3138.40679467725 0.441493187714672 0.00952843641849236 40403.3130112277
"851" 0.354285714285714 -2836.88992809806 0.445011161118684 0.00948903747275545 40121.1365947567
"852" 0.365714285714286 -2941.3734472929 0.454690922408212 0.00969547888214418 39467.2578036421
"853" 0.342857142857143 -2878.0361024561 0.450568066404397 0.00965686972503312 39718.1992800016
"854" 0.331428571428571 -3124.92398828539 0.431446497220662 0.00924714963614095 41143.7162321811
"855" 0.361904761904762 -2944.22440552317 0.43492298291527 0.00931018451584214 40820.5938188907
"856" 0.352380952380952 -3283.93743499038 0.44207475744452 0.0093542811552209 40384.3461554114
"857" 0.35047619047619 -2982.67126403487 0.438568759543988 0.00930663719360597 40572.7739050854
"858" 0.35047619047619 -3062.45119954333 0.467391360570724 0.00991325579507299 38491.6999388819
"859" 0.348571428571429 -3022.33014604028 0.433457996931962 0.00931261467369247 40935.2879749833
"860" 0.348571428571429 -2945.97175033241 0.446416931631226 0.00956791376161917 40024.0653072471
"861" 0.356190476190476 -2804.67495005408 0.436891443569023 0.00935945782003637 40682.3520839234
"862" 0.344761904761905 -3059.7669632945 0.434745623196792 0.00931042381582156 40852.0970048631
"863" 0.367619047619048 -2683.16433996164 0.437831878912587 0.00932942438902483 40584.3737109781
"864" 0.354285714285714 -2778.81646286747 0.453115802266687 0.0095793944316973 39550.5280671886
"865" 0.352380952380952 -2989.72489092391 0.446338265264302 0.00939738824961251 40091.357385713
"866" 0.356190476190476 -2895.68332449744 0.454054024747387 0.00962915252635818 39486.2752000671
"867" 0.358095238095238 -2975.95691311029 0.44179835824973 0.00952646525095197 40385.1348379587
"868" 0.352380952380952 -2975.51713450245 0.43721289379207 0.00934603335352533 40656.0002972496
"869" 0.340952380952381 -2858.71827034994 0.442362855259561 0.00950059463273604 40359.7277376317
"870" 0.356190476190476 -2758.7810889918 0.447953929042072 0.00944216201559789 39890.970274575
"871" 0.36 -2915.40369252428 0.453546566441262 0.00964552508658592 39534.652115398
"872" 0.371428571428571 -3103.27050456426 0.440384277852202 0.00939357678484335 40475.3426176854
"873" 0.333333333333333 -2896.30744464244 0.445018718468496 0.00945067972041314 40081.6460862565
"874" 0.365714285714286 -2894.25692825254 0.452039557523711 0.009657969664237 39648.0769671305
"875" 0.344761904761905 -2558.84620814002 0.457545794318284 0.0098187392831724 39154.3353393254
"876" 0.344761904761905 -3058.69346085823 0.476857378655747 0.0100368019030283 37933.6417382659
"877" 0.358095238095238 -2839.4086107921 0.449087675132814 0.00951929146479432 39764.8069539001
"878" 0.344761904761905 -2882.26918506056 0.448821486555969 0.00952382112011919 39845.0903570447
"879" 0.363809523809524 -2844.12666927685 0.437352315521639 0.00926097118486112 40633.3897402025
"880" 0.335238095238095 -2780.36533884499 0.431394136101623 0.00921640458808549 41032.1241456408
"881" 0.358095238095238 -2762.07524849242 0.460886171166636 0.00978302588124453 39013.5500059753
"882" 0.342857142857143 -2940.74244508537 0.436558407941341 0.0093693582511934 40711.1739606075
"883" 0.358095238095238 -2892.17350113405 0.442369259393468 0.00944721301834881 40288.7187894596
"884" 0.333333333333333 -2864.82555017791 0.429629997454847 0.00919700838203518 41196.0871449261
"885" 0.356190476190476 -2919.7226228043 0.461454431072121 0.00971229690022112 38920.1333492156
"886" 0.367619047619048 -2840.54074926769 0.472190141159907 0.00997093745446161 38174.2391489393
"887" 0.337142857142857 -3242.50432562363 0.427481785916367 0.00914700422389416 41438.0425394729
"888" 0.339047619047619 -2731.83508070009 0.458841724131838 0.00977173059369107 39126.4683536393
"889" 0.363809523809524 -2803.6742850243 0.455783125974783 0.00972319880884242 39332.2558641341
"890" 0.373333333333333 -3033.05692239374 0.456192922461419 0.00972394458948347 39357.2135112378
"891" 0.346666666666667 -2843.70420592391 0.421754956083011 0.00907645283243641 41770.2523918002
"892" 0.352380952380952 -2698.76013486385 0.444172842218569 0.00948656438983237 40135.1977186001
"893" 0.340952380952381 -3078.88012747174 0.451259474872056 0.00957122975343108 39753.4700625833
"894" 0.361904761904762 -2993.77077498126 0.443172119308855 0.00947001169619216 40246.4747481776
"895" 0.352380952380952 -2836.89745725833 0.44511828956241 0.00967110517831865 40147.237162119
"896" 0.352380952380952 -2780.70205790842 0.453886869880328 0.00980980531904962 39480.5378160883
"897" 0.344761904761905 -2850.58896430471 0.431740827444094 0.00921600967083895 41021.7749418416
"898" 0.346666666666667 -2771.6056162424 0.441255220526355 0.00936244064657696 40342.2662951078
"899" 0.361904761904762 -3087.12166537206 0.456174578456118 0.00974423439553809 39345.6759605075
"900" 0.337142857142857 -2939.42805675901 0.442222034276572 0.00948380872391499 40303.0273669285
"901" 0.335238095238095 -3175.16715453929 0.437328856892799 0.00931584750830862 40729.1112104347
"902" 0.354285714285714 -2854.29325041993 0.465314452078769 0.00980911878348345 38712.8442028803
"903" 0.35047619047619 -2793.45203877425 0.450186133395686 0.00969830169567713 39728.5985584343
"904" 0.331428571428571 -2539.07148510978 0.442145344651171 0.00940696347113583 40339.1352770444
"905" 0.358095238095238 -2664.94056900985 0.462205825578515 0.00972255843868689 38841.5272484543
"906" 0.346666666666667 -3121.36461144032 0.435683677588572 0.00937633398889185 40801.5925240331
"907" 0.358095238095238 -3130.67511385525 0.433695467488081 0.00918535802020969 40966.8024474678
"908" 0.333333333333333 -3158.38097023929 0.445651498831313 0.0094994599432848 40108.0952057915
"909" 0.375238095238095 -2923.1163409757 0.456220074182859 0.00968726553384347 39295.8659431637
"910" 0.373333333333333 -3158.77467132999 0.442164232376123 0.00943576030131321 40359.5824185208
"911" 0.342857142857143 -3286.06727197232 0.424883294753487 0.00919885949904646 41603.6465281666
"912" 0.358095238095238 -3052.06769596254 0.445686457158254 0.00948660512798699 40085.1013857072
"913" 0.35047619047619 -2901.09415972214 0.447345994682602 0.00952356418040507 39965.3016303068
"914" 0.394285714285714 -2649.11579678043 0.478053884980386 0.01013911902154 37751.7953116359
"915" 0.36 -2637.55745504662 0.455228274784447 0.0097191080780713 39367.5533511159
"916" 0.339047619047619 -2988.03395079911 0.439939866062587 0.00931813929965997 40455.7266871715
"917" 0.346666666666667 -2767.2793863022 0.457951088897411 0.00972196828749886 39164.0439202097
"918" 0.325714285714286 -3053.16812160375 0.439752755379714 0.00935358102334696 40541.0950230651
"919" 0.358095238095238 -2719.14288058822 0.46913734593711 0.00984700289529536 38439.7811312217
"920" 0.363809523809524 -2793.1525952011 0.449856185832286 0.00958317248885971 39741.7207187433
"921" 0.363809523809524 -2700.8477459894 0.47649421121835 0.00998743063650632 37870.196321158
"922" 0.348571428571429 -2894.83001326489 0.453664910311325 0.00966920023898898 39549.3210672805
"923" 0.346666666666667 -2839.13643156747 0.471021212682424 0.0100171327114211 38296.4340753631
"924" 0.35047619047619 -3067.75189806519 0.439938318440273 0.00930889843441424 40481.2186696737
"925" 0.342857142857143 -2840.05309591509 0.442596218508067 0.00935942521001159 40257.0507401071
"926" 0.35047619047619 -3013.49503974338 0.433664181592746 0.00926687205262764 40940.3605868543
"927" 0.335238095238095 -3030.77458854556 0.4322142026296 0.00928744033361074 41021.7380879897
"928" 0.344761904761905 -3200.20686191618 0.440368170388326 0.00936187589210414 40493.5922975062
"929" 0.340952380952381 -2912.78374856273 0.450240515244731 0.0095001745191767 39782.7754899388
"930" 0.323809523809524 -3037.39683777668 0.425179505471281 0.0090914507678853 41556.3221764032
"931" 0.344761904761905 -3083.26119168538 0.439220028323563 0.00928572562124184 40589.9930078835
"932" 0.340952380952381 -2823.88856216054 0.445711734717379 0.00940150289893752 40041.2995886656
"933" 0.348571428571429 -2938.01609663366 0.443672524523615 0.00934883384945683 40254.0380547832
"934" 0.346666666666667 -2764.76688626339 0.447632347680021 0.00949972492322685 39941.5227532408
"935" 0.344761904761905 -2851.4304293318 0.447459881088576 0.00952742618399113 39876.5427680853
"936" 0.361904761904762 -2745.08186001354 0.457966910706007 0.00964203932644825 39215.0929581179
"937" 0.367619047619048 -2738.37621390881 0.470540060256448 0.00998702619261679 38279.0691995856
"938" 0.342857142857143 -2700.80612294314 0.442538016935069 0.00935826820047365 40283.4727045843
"939" 0.342857142857143 -3104.65017463099 0.441080778501376 0.00932543098764202 40414.0444505241
"940" 0.346666666666667 -3041.52557906446 0.42631335847239 0.00916555252545418 41432.8121870911
"941" 0.35047619047619 -2891.38355456386 0.45743071017394 0.00982361131947806 39248.9424936686
"942" 0.354285714285714 -2819.82597404956 0.445981706131487 0.00948595805613933 40004.9360341893
"943" 0.358095238095238 -2861.82442815213 0.456471152698857 0.00968634270549029 39331.7206410961
"944" 0.36 -3074.72650607576 0.446747473481004 0.00948880190727232 40009.164751917
"945" 0.352380952380952 -2968.33747875067 0.427092427464384 0.00923232048024439 41367.4640814553
"946" 0.348571428571429 -2783.46258936136 0.454184487534053 0.0096514561860204 39434.1002912899
"947" 0.35047619047619 -2794.90726449438 0.449618306242272 0.009619062918899 39808.075813834
"948" 0.373333333333333 -2931.13379122154 0.447643405675056 0.00967073371399959 39974.6287491923
"949" 0.35047619047619 -2844.30941890992 0.432982373247129 0.00922782674214197 40968.2892853107
"950" 0.35047619047619 -2918.36936028633 0.447679260729525 0.0094687938699761 39904.9100372991
"951" 0.346666666666667 -2889.54371106239 0.438818248748969 0.00931319144948841 40527.6091988817
"952" 0.329523809523809 -3181.45068467857 0.428700000382437 0.00921215168985282 41280.3917468759
"953" 0.358095238095238 -2834.04935421257 0.439999122252414 0.00930199589582237 40454.3989072355
"954" 0.356190476190476 -3064.04814959643 0.440228401073409 0.00945485675430883 40468.6516891196
"955" 0.339047619047619 -2953.14604133765 0.439429569144575 0.00937222730051622 40511.2472772973
"956" 0.35047619047619 -2838.15789929615 0.452144685699414 0.00963295065427589 39633.1452135056
"957" 0.373333333333333 -2811.01822040939 0.467140289587214 0.00990266737449734 38586.0970534443
"958" 0.35047619047619 -3107.44379217515 0.428822084067644 0.00920422754514871 41290.5445800812
"959" 0.361904761904762 -2785.11973602209 0.485017090223544 0.0101760070766656 37296.4068251869
"960" 0.337142857142857 -3104.32423366208 0.448765989407984 0.00972416002285499 39905.1247395461
"961" 0.342857142857143 -2835.07381122504 0.440768311343152 0.00943459603194132 40423.9376830163
"962" 0.363809523809524 -2726.20519079497 0.467323697333093 0.00989072815126415 38486.2325634418
"963" 0.356190476190476 -3045.67175999268 0.443427115597678 0.00935555525989957 40258.7289956866
"964" 0.346666666666667 -2817.52070443942 0.421872144883871 0.00907795168054487 41746.4827236033
"965" 0.335238095238095 -3154.90930485414 0.437012306729456 0.00945610679902906 40713.5641054977
"966" 0.346666666666667 -2905.86984289612 0.448777324138331 0.00961110449648497 39860.9533441889
"967" 0.36 -2934.59801384706 0.463194185199614 0.00990882422680644 38882.0143730164
"968" 0.337142857142857 -2974.21219669068 0.449575831658984 0.00959660194382065 39825.5709234618
"969" 0.348571428571429 -2957.90109142232 0.443473826251931 0.00941272208479777 40253.459795919
"970" 0.356190476190476 -3118.08453791446 0.463000539517856 0.00971320303205566 38851.7062661751
"971" 0.36 -2762.32044555241 0.436942456103701 0.00935128202868844 40692.7604444375
"972" 0.348571428571429 -2784.79742106877 0.465087985939827 0.00979240818782305 38666.5107420017
"973" 0.35047619047619 -2607.29602849795 0.472761352695082 0.0099511731997802 38107.8741797773
"974" 0.344761904761905 -2914.81788014965 0.450909265925944 0.00963506030708632 39665.0821090364
"975" 0.363809523809524 -2639.70458720759 0.462225329583294 0.00983109911226926 38897.0081951509
"976" 0.367619047619048 -2859.00694865901 0.45903549229879 0.00983102951929231 39131.5260574256
"977" 0.379047619047619 -2850.91130711217 0.467323278870068 0.00985417045923966 38496.7745966656
"978" 0.344761904761905 -2735.11596531697 0.451100252066074 0.00949633244513991 39697.9263147587
"979" 0.361904761904762 -2858.84780231361 0.453625554283278 0.00955492018659302 39507.2294582081
"980" 0.36 -2563.37104936246 0.421332311482401 0.0090275000685979 41768.3781927008
"981" 0.36 -2740.01935027909 0.459853346323565 0.00965751323295067 39031.9931796546
"982" 0.348571428571429 -2898.91609924437 0.448284347644794 0.00957034046958615 39904.9701537813
"983" 0.352380952380952 -2819.48736421191 0.452979447569496 0.00962920777908904 39576.7470575704
"984" 0.348571428571429 -3031.13561897161 0.438854357381806 0.0094842188372043 40602.4803755924
"985" 0.356190476190476 -2893.54759217092 0.444268883869034 0.00948280255538095 40184.6070734694
"986" 0.367619047619048 -2676.97447511279 0.465501214572515 0.00980177492062001 38655.2781152249
"987" 0.340952380952381 -2786.30515025492 0.444497999395858 0.00954806864369594 40157.0331263456
"988" 0.363809523809524 -2923.25133028369 0.45835870587731 0.00966612456491339 39156.1039925906
"989" 0.327619047619048 -3218.30683263043 0.410953507210837 0.00896007687764308 42663.1050407175
"990" 0.339047619047619 -2912.78876427054 0.446624824993259 0.00946758430826728 40016.503454757
"991" 0.335238095238095 -2742.93691225581 0.456083183579731 0.00962885864839347 39291.4942813891
"992" 0.342857142857143 -3077.75598902607 0.424136184538412 0.00904532607579129 41635.1837836971
"993" 0.361904761904762 -2989.10864035357 0.448927651954318 0.00946491593319167 39844.2604672491
"994" 0.36952380952381 -2688.31171271955 0.454087731303166 0.00968533511132633 39472.1342190126
"995" 0.361904761904762 -2600.02265269493 0.466353582360983 0.00980597637319495 38523.8915424907
"996" 0.358095238095238 -3136.52017742429 0.42009457036614 0.00900541756649196 41944.210597191
"997" 0.365714285714286 -2755.10180995044 0.465061383051376 0.00982090095092567 38642.1233910394
"998" 0.352380952380952 -2744.38865244192 0.463418727990945 0.00979973075765383 38788.9221588706
"999" 0.354285714285714 -2644.02838297135 0.445268988303898 0.00939101855374379 40054.862615306
"1000" 0.373333333333333 -2711.30639766654 0.4662119780759 0.00977618559623653 38548.0027379317
